Text,label
லக்ஷ்மி அம்மா நீங்க புலம்புங்க அவளுக அவளுகபாட்டுக்கு பேசட்டும்,abusive
"இன்னும் கைது பண்ணல... அனைத்து பெற்றோர்களும், குழந்தைகளும் இவரது சேனல் வீடியோவை டிவியில் பார்க்கவும்.. நல்ல பழக்க வழக்கங்கள் வரும்..குழந்தைகள் எளிதில் கெட்டு போக வாய்ப்பு.. ஆபாசம் பேசினார் அவரே ஒப்புக்கொண்டார்... மதனுக்கு ஒரு நியாயம் இவர்களுக்கு ஒரு நியாயமா..?????",non-abusive
"அப்பா,அம்மா, அந்த இன்டர்வியூ பண்ற வக்கிரம்புடிச்ச பய.. எல்லோருமே செருப்படி வாங்க தகுதியானவங்க.. அதிலயும் அந்த பொண்ணு.. யப்பா சாமி... முடியலடா",abusive
Suganthi உனக்கு வீட்ல குழந்தையை வச்சிருக்க கார்த்திக் உன்ன கட்டி புடிச்சி விளையாடறான் கொஞ்சம் கூட வெக்கம் இல்ல அந்த குழந்தை பாவம் நீ எல்லாம் ஒரு பொண்ண thuuuu,abusive
எல்லாமே script thaan. ஷகீலா உங்க scriptum அருமை.  ஷகீலா and திவ்யா கள்ளச்சி ஆக்டிங் சூப்பர்  இந்த episodum Scriptu தான் ஷகீலா,non-abusive
எங்க ரூம்லயும் ஒரு கார்த்தி இருக்கான்..... அவனும் திவ்யாவை தேடுறான்,non-abusive
பச்ச தேவடியாலுக்கும் ....விசத்தேவடியாலுக்கும் வாய் சண்ட .......அத ஊஊஊஊஊஊரே வேடிக்க பாக்குதான்....,abusive
"ஆளானப்பட்ட லட்சுமி மேடத்தயே தனியா பேச வச்சிட்டாளுங்க டா எப்பா,",non-abusive
து து து நீ எல்லாம் ஒரு பொண்ணு. சனியனே எப்படி எல்லாம் பொய் சொல்ற,abusive
"நாட்டுக்கு ரொம்ப முக்கியம் இது....  மக்கள கெடுத்து குட்டு சுவர் ஆக்க Galatta , behindwood இந்த இரண்டு போதும்...",non-abusive
"இவ என்ன சட்டம் படிச்ச நீதிபதியா???எல்லாருக்கு நீதி சொல்ல முண்ட,இவளுக்கு ஒருநாள் நிகழ்ச்சி நடத்தப்படும்",abusive
மூஞ்சி pundai ய பார்த்தா 1000 சுன்னிய பார்த்து இருப்பா போல எவனும் போகாத,abusive
Coming April ல இருந்து Salary எல்லாம் குறைய போகுது. Salary Structure மாறப் போகுது.   பொருளாதார கஷ்டம் இருக்கு.  இவுங்க என்னடானா இப்பிடி பேசிக்கிறாங்க.  கடவுளே !,non-abusive
"கள்ளச்சினா அப்படிதானு, கடந்து போவதை விட்டுட்டு! !",abusive
நேர் கொண்ட பார்வை அடுத்தவங்க மானத்தை வாங்கி தெருவில் விடுவதே உங்க வேலையா போச்சி,non-abusive
ஒடி பேயிரு கையில் மாடிராத நான் இலங்கை இருக்கன் டிக்கெட் போட்டு வாந்து ஓதய்பன் யார் நீ விஜய் பாத்தி பேசா,abusive
இந்த மும்தாஜ் எனும் பெண்ணை ஒரு வாட்டி டாக்டரிடம் காட்டுங்கள் சிலர் சில சமயம் அவள் இரண்டும் கெட்டான் நிலையில் இருப்பாள்,abusive
தேவிடியாமுண்டை திவ்யா..இவளை விட்டால் ஊரை கெடுப்பாள் பழுத்த ஓழு தேவிடியாமுண்டை,abusive
அவங்க யாரு இவங்க யாரு அது யாரு இது யாரு யாரு யாரு யாரு யாரு யாரு,non-abusive
விளங்கிடும் தமிழ்நாடு இப்படி ஆத்தாலும் மோலுமா சேர்ந்து நல்ல ஆட்டம் போடுறிங்க.....,abusive
அவ அழரத விட நீங்க போடுர BGMஅ கேட்டா தான்டா பயமா இருக்கு,abusive
யம்மா இந்த கருமத்த வீடியோ ல பார்க்கும் போதே இள்ளோ கொடுரமா இருக்கே வாந்தி வருது. எப்டி டா அவ்ளோ க்ளோசப்ல வீடியோ எடுத்த,non-abusive
எங்கடா இருக்க கார்த்தி வந்து தொலைடா சனியன் பிடிச்சவனே,non-abusive
மேடம் நீங்களே சொல்றீங்க நாட்டுல எவ்வளவோ பிரச்சனை இருக்கு கொரோன இருக்கு அப்புறம் நீங்க இந்த பிரச்சினையை எடுத்து பேசிகிட்டு இருக்கிங்க மேடம் நாட்டில் நடக்கிற பிரச்னை பேசலாம் இல்ல உங்களுக்கு இது பேசினாதான் வருமானம் இல்லையா உங்களுக்கு இது கேவலமா இல்ல,non-abusive
உனக்கென்ன மா நீ பைதியம் நீ என்ன வேணும்னாலும் பேசுவா...,non-abusive
வேதாரண்யம் குரூப்ல நிறையா கார்த்தி இருகாங்க..... யாராச்சும் லைப் குடுங்க,non-abusive
யோவ் மீரான் இந்த பொம்பள டாக்டரா இல்ல லூசா.,abusive
நீலிக்கி நெத்தில கண்ணீராம் துப்புக் கெட்ட நாயி இவ,abusive
இரண்டு வல்கர் ponugala சாக்கடை. கட்டி வச்சி அடிக்கணும்.,abusive
எல்லாம் பணம் பண்ணும் வேலை நாம ஒரு நாள் கூலி வேலை செய்து பொலைக்கிறோம் இது போன்ற ஜென்மம் கேவலமா இருந்து சம்பாதிக்குது,non-abusive
தயவு செய்து இதை பார்த்தாவது பெண்கள் திருந்தவும் please,non-abusive
குஷ்பு மேடம் ஸ்டாலின் நேர்ல வந்து கல்லு வீசினாரா.இவருக்கு இதே வேலையாள் போச்சு .அதென்ன குஷ்புனா அவ்வளவு இளக்காரமா ?.சேலையை வேற புடிச்சு இழுக்கறாங்களாமில்ல.?என்னங்க ஒரு தெனாவெட்டு.அடுத்த ஜெயலலிதா.நீங்கதான்.ஆமா போனவாரம் பிரபு வீட்டுக்கு போனீங்ஙளாமே?,abusive
ஏன் உனக்கு மூடு வந்தது இல்லையா ஏன் அது ஆம்பளைக்கு மட்டும் தான் வருமா என்ன நீ வேற ஒருத்தன் கூட போக அவன் மேல் இப்படி பொய்யான தகவல்களை பரப்பாத ஏன் அவன் அப்படி இருந்த பல பெண்கள் கூட போய் இருப்பான் நீ மட்டும் தான் இந்த உலகத்தில் பெண் இல்லை போடி மயிர் உன்னை கல்யாணம் பன்ன பாரு அவன் ஒரு பைத்தியக்காரன் ஒருத்தன இப்படி கேவலமா சொல்லுற பாரு நீ எவ்வளவு கேவலமான பு*டை நீ வேற ஒருத்தன் கூட போரதுக்கு அவன் வாழ்க்கை கெடுக்காத டி மயிர்,abusive
"ஸ்ரீ பிரியாவும் இந்த தேர்தலில் போட்டியிகிறார் அவர் இந்த மன்னின் மகள் அவரின் நாகரிகமான பிரசாரம் எங்கே, இவள் பம்பாயிலிருந்து வந்த நாதாரி இந்த மன்னுக்கு நீ செய்த நன்மை என்ன, சட்ட சபையை சட்டைசபை என்கிறாய், உன் தரம் என்ன என்பது தமிழ் நாட்டுகே தெரியும் தேர்தலுக்கு பிறகு உன் தொழிலுக்கே திரும்ப போய் விடு, நான் சினிமாவை சொல்கிறேன்",abusive
இந்த. பன்னியே நீ பேட்டி எடுக்கிறியே நீ ஒரு கேடு கேட்ட பன்னி டா நீ,abusive
வத்தாலக்கா அடுத்து என்ன துணி லாம் அவுத்து காட்ட போரீங்களா,abusive
அந்த சொல்வதெல்லாம் உண்மை...மணி..கூட இந்த லெவலுக்கு வல்ல டா... ஆனா இந்த கார்த்தி... அதுவும் கன்டாரஓலி கார்த்தி...,non-abusive
எவ்ளோ பிரச்சனை இருக்குது நீ என்கிட்ட பிரச்சனை எடுத்து பேசுறேன் உனக்கு வேற வேலையே இல்லையா என அந்தப் பணத்துக்கு தானே,non-abusive
ஒரு கிருக்கி போன இன்னொரு கிருகி வண்டுக்கிய இருக இவல்களை எப்படி ஒளிகிரடுண்ணு தெரியல,abusive
எங்கடா கார்த்தி இந்தியாவுல எங்கிருந்தாலும் பாத்து கூட்டிட்டு வந்து தொலைங்கடா டே,non-abusive
"37.36_ல் லட்., ராம _ தலை சுற்றி கண்கள் இருட்டி இருக்கும்..!?",non-abusive
கார்த்தி எங்க இருந்தாலும் கரிமேடு ஸ்டேஷனுக்கு ஓடி வாங்க. உங்களுக்காக ஒரு கீரை முண்ட வெயிட்டிங்.,non-abusive
இன்னும் என்னென்ன கன்றாவி எல்லாம் யூடியூப்பில் பார்க்க வேண்டியது இருக்கோ இவ மூஞ்ச பார்த்தாலே வாந்தி தான் வருது எப்படி சார் பக்கத்துல உக்காந்து பேசிட்டு இருக்கீங்க மனச்சாட்சியை தொட்டு சொல்லுங்க உங்களுக்கு வாந்தி வரலையா,abusive
நல்ல பன மட்ட பிரம்பால ரெண்டு பேரையும் அடிச்சு வெரட்டுங்க,abusive
இதுவும் ஒரு கன்டன்ட் டா இருக்குமோ ?,non-abusive
இந்த கலுதமுஞ்சி திவ்யா வீடியே பொடவேண்டானு சொல்லுங்க மேடம்,abusive
"இந்த இரண்டு நபர்களால்,பிற பெண்கள் திருந்து வாங்கள் . எல்லாம் நன்மைக்கு மட்டுமே ! இவர்கள் ஒரு சோதனை எலிகள்",abusive
"நல்ல நேரம், சீனா காரன் உள்ள வந்தான். எங்க மோடி சீனா பொருளாதாரத்துக்கு பெரிய அடி கொடுக்க டிக்டாக்க தடை செஞ்சார். ஏதோ 56 இன்ச் இருக்கறதால டிக் டாக்க தடை செஞ்சார். இல்லன்னா போர் செய்து இருப்பார்",non-abusive
வீடியோ பொடுரத தவர . குத்துங்க எஜமான் குத்துங்க அப்டினு ஒரு வேலை செய்ரா,abusive
இரண்டு ponnugalum தெரு நாய்ங்க தூ தூ,abusive
கல்யாணம் பண்ணி எல்லாத்தையும் முடிச்சாச்சி கேட்டா சும்மா நடிப்பு என்று சொல்லுவது கொஞ்சம் நாள் பொச்சினா பணம் இல்லை பிச்சை போடுங்க மக்களே என்று பிச்சை எடுக்கும் உலகமகா நடிப்பு டா சாமி,non-abusive
அந்த திவ்யா பரதேசி பாடு செருப்பால் அடித்து துறத்துங்கள் மேடம்,abusive
Tik tok nallathu than but இந்தியா மக்கள் தான் தாப்பா pajanpaduthiranga,non-abusive
அந்த எச்ச சிக்கா இவள் கூட தான் இருக்கான.,abusive
நாட்டுல கோடி பிர‌ச்சனை இருக்கு இந்த தே மூ பிரச்சனை தான் இப்போ இந்த லக்ஷ்மி ku பெரியதாக ....,abusive
மூதேவி இனி உன்னைய அப்படி தான் கூப்பிடுவன் ( திவ்யா ) சிரிச்சு முடியலடா சாமி,abusive
1:46 Tissue ஏதும் வேணுமா? நம்ம மைண்ட் வேற அங்க போகுதே,abusive
Mp ku டிக்கெட் free nu கூட தெரியாத சங்கி முண்ட..,abusive
கார்த்தி சொல்லி யாரோ ஏமாத்தி இருக்காங்க. பாவம் அந்த பொண்ணு,non-abusive
இந்த நாயி நடிகர்களை மட்டும் தான் ஃபாலோ பண்ணும் போல அரசியல் வாதிகளை ஃபாலோ பண்ணாதூ போல....,abusive
"இந்த விசாரனை,வீடியோ பகிர்வு போன்ற அதிகாரங்களை உங்களுக்கு வழங்கியது யார்?நீங்களும் ஒரு பெண்தானே லட்சுமி?இப்படி பொதுவெளியில் பெண்களின் உணர்வுகளை போட்டு காட்டுவது சரியா????த்த்தூ...",non-abusive
சகதோரி ஷகிலா அருமையாக தனக்கே உரிய பாவனையில் பேட்டி காண்பது மிகவும் சிறப்பு. அந்த பெண்ணுக்கு மனம் நோகாமல் நல்ல நிதானமாக பேட்டி காண்பது சிறப்பு. உங்களை பாராடுகிறேன் சகோதரி...,abusive
சனியன் இவளிடம்போய் பேட்டியா சாதரண அறிவுகூட இல்லாதவள்,abusive
டேய் பன்னிக்கு வைக்கிற வெடிய இவளுக்கு வைங்கடா,abusive
பெண் சுதந்திரம் பெண் கல்வி பெண் உரிமை,non-abusive
இவ யூட்டுப் சாதனா அதவது இவ ஒரு தேவடியா சர்மிலா.என்ற.சாதணா,abusive
எவ்வளவு பேர் நல்லவீடியோவை பன்னி வீவஸ் வறலேனு கவலைப்படுராங ஆனா இந்தவீடியோக்கு வந்த யோகத்தபாருஙளே.தயவுசெய்து நல்லவீடியோக்கு ஆதரவுதாருங்கள்.,abusive
இவ எத்தனை பேரையும் சமாளிக்க முடியும் இப்படிக்கு பொரி உருண்டை,abusive
இவளை மாதிரி பெண் இருப்பதற்கு குழந்தை இல்லாமல் வாழ்வது மேல்,abusive
மேடம் இவளை சும்மா விடாதீங்க இவ பேசுறதெல்லாம் பொய் இந்த நாய் சம்பாதிக்க இவள் என்ன வேணும்மாலும் செய்வாள்,abusive
மேகல...மணிமேகல..பொத்தி பொத்தி வச்ச மேகல..அதனால வெட்கம் விட்டு போகல..,non-abusive
நீ காசுக்காக அவுத்து போட்டு நடிச்சயே சகிலா,abusive
"கண்டா வர சொல்லுங்க ,கார்த்தி ய கையோட கூட்டி வாருங்க",non-abusive
Intha ponnu மூஞ்சி சரியில்லை எவன் கண்டிப்பா இந்த குரங்க குரங்கு சொன்னா குரங்குக்கு அவமானம் இத பெத்ததுக்கு மூடிட்டு இருந்துருக்கலாம்,abusive
"693 வது டிஷ்லைக் இட்ஷ் மீ ,",abusive
நீங்க இரண்டு பேரும் சாப்பிட்டுக்கு என்ன பன்ரிகா,non-abusive
dislike அல்லுது செம்ம இப்படி தான் இருக்கணும். இந்த dislike க்கு பார்த்தாலே தெரியுது மக்களால் எப்படி வெறுக்கப்படுறாங்கனு Super,non-abusive
இது மூஞ்சி பாத்தாலே எரிச்ச * * * தான் வருது இது வாழ்க்கைய இதுவே spoil பண்ணிட்டு இருக்கு இன்னும் எவ்ளோ பேரு எத்தனையோ அட்வைஸ் பண்றாங்க அப்பவும் கேட்க மாட்டிது சும்மா கார்த்தி கார்த்தினு அவன் வாழ்கை spoil பண்ணிட்டு இதுவும் இது வாழ்க்கை spoil பண்ணிட்டு இருக்கு ஒரு தப்புக்காக இன்னொரு தப்பு பண்ணிட்டு இருக்கு,non-abusive
கட்சிமாறும் நாய்.... தினம் ஒரு வீடு இந்த லட்சனத்தில் உனக்கு ..... பைத்தியம்,abusive
உங்கல பார்தா சிரிப்புதாண் வருது லஷ்மி மேடம்,non-abusive
"பலருக்கும் பயன்படும் படியான கருத்துக்களை சொல்வது(கல்வி,சமையல், நாடு நடப்பு)போன்ற யூடியூப் சேனல் மட்டுமே மக்களுக்கு அவசியமான ஒன்று..இது மாதிரியான யூடியூப் சேனல் தான் சம்பாதிப்பதற்காக மற்றவர்களை பைதியம் ஆக்குகின்றனர்..",non-abusive
இது இரண்டில் எது பைத்தியம் தெரியல கடைசில எனக்கு தான் பைத்தியம் பிடிக்குது,non-abusive
சின்மையி எல்லாருகிட்டயும் மொக்க வாங்கி செருப்படி வாங்குறதே வேலை,abusive
இந்த வீடியோல எந்த பொண்ண எவன் கல்யாணம் பண்ணாலும் அவங்க அம்மா சிலுக்கு டா.....,abusive
இது ஒரு பைத்தியம். இதை எதற்காக பேட்டி எடுக்கிறீர்கள் இதனால் யாருக்கு என்ன பிரயோஜனம்.,abusive
"அவன் அவன் எவ்ளோ பிராப்ளம் அஹ இருக்கானுங்க ,இதுங்க வெற சனியனுங்க...",non-abusive
தேவடியா கூத்து இதுக்கு பஞ்சாயத்து அவனவன் வேலை பிரச்சனை குடும்ப பிரச்சனை நோயால் பிரச்சனை இந்த நாய்களுக்கு காலிடுக்கு அரிப்பு பிரச்சனையால பல குடும்பத்திற்கு கிடைத்த வேதனை இதுக்கு லட்சுமி மேம் பஞ்சாயத்து அவங்களுக்கு அசிங்கம் த்து..த்து...,abusive
இதுங்களுக்கு வேற பொழப்பே இல்லையா என திட்றவங்க லைக் போடுங்கள்,non-abusive
சாப் பிட்டா சாப்பாடு சீரணம் ஆகம ஆட்டம்ஆடதுங்க.???,abusive
அந்த கொரில்லா அலுகும்போது யாருக்கெல்லாம் சிரிப்பு வந்தது....,abusive
குழந்தை பிறந்து தையல் பிரிக்காம படுக்க போனாலாம் கருமம்டா இவ பொம்பளையா,abusive
திவ்யா சொல்வது பொய் என்று நினைப்பவர்கள் மற்றும்,non-abusive
"இந்த பேட்டி நாட்டுக்கு ரொம்ப அவசியம் ,யேண்டா இந்த சேனல் காரன் கொஞ்சம் திருந்துங்கடா..",non-abusive
அந்த காலத்துல நீயும் இது மாதிரி செருப்படி வாங்கி இருப்ப இல்ல ஷகிலா. பாவம் திவ்யா. நீ அவ கிட்ட கேட்ட கேள்வியை அவ உன் கிட்ட கேட்டு இருந்தா நாண்டுகிடுவியோ. முஸ்லிம்கள் பர்தா போட்ட அந்த காலத்திலேயே நீ அவுத்து காட்டுனவளாச்சே.,abusive
இவ கூட யாரு வீடியோ போட்டாலும் அவங்களையும் ஜெயில் பிடித்து உள்ள போட வேண்டும்,non-abusive
ஏன்டி அந்த நாய்க விளம்பரம் ஆக உங்க சேனல விளம்பரம் பன்னிக்க இப்படி ஒரு நிகழ்ச்சி. இதுல யோக்கிய மயிறு போல பேசுறதுக்கு நடுவர் வேற தூ. தா.,abusive
இவளோட குழந்தைகளை அரசு எடுத்து காப்பாற்ற வேண்டும்.,abusive
உதவி செய்தவர்களை மறந்த நீ உயரவே முடியாது.... நீ செய்த துரோகம் உன் வாழ்நாள் முழுவதும் தரத்தும்...,non-abusive
ஊட்டுக்கு அடங்காது புருஷனுக்கு அடங்காது இவள பெரிய புடுங்கி மாதிரி நெனச்சு பேட்டி எடுக்கற ஆளச் சொல்லனூம்,abusive
உண்ண மாதிரி பெண் நம் நாட்டின் சாபக்கேடு,abusive
முட்டா புள்ளைங்கள பாத்தா கோபம்தான் வருது.. நீங்களும் சம்பாதிச்சு செலவு செய்து பாருங்க.. அப்புறம் தெரியும் அதன் அருமை. நீயும் ஒரு மனுசி தானே.. போ.. போய் சம்பாதிச்சு மத்தவங்களுக்கு செலவு செய்து பாரு. உன் திறமையே காட்டு.,abusive
யாருக்கு தெரியும் இது கூட கன்டன்டா இருக்கலாம்,non-abusive
இரு ஆண்கள் பொது வெளியில் தங்களுக்குள் கேவளமாக பேசி இப்படி சண்டை போட்டதுண்டா ? நான் பார்த்தது இல்லை,abusive
இந்த மாதிரி மனிதர்களை interview பண்ணறீங்களே. உங்களுக்கே வெக்கமா இல்லையா. இவ என்ன தேச சேவை செய்யராளா. இவ மாதிரி எத்தனையோ பேர் இருக்காங்க. She is a prostitute. Shame on this channel. இவள interview பண்ணற நீ எந்த மாதிரி குடும்பத்துல பொறந்தையோ தெரியல. shameless world. இவ வாய தொறந்தா பொய் மட்டும்தான் வரும். What a shame.,abusive
இரண்டு சாத்து சாத்தனும்  இது மாதிரி 6 லூசுங்க இருக்குதுங்க  டிக்டாக் மாதிரி யூடியூப்பையும் முடக்க வச்சுருவானுங்க,non-abusive
ஒன்றும் சொல்வதிற்கில்லை நாட்டுக்கு இது ரொம்ப முக்கியம் த்தூ,non-abusive
இவளெல்லாம் ஒரு ஆளு. இவள் கிட்ட போய் பேட்டி எடுத்து நேரத்தை வீணடிக்க வேண்டாம்.,abusive
Baby ma jailu ma ஆ ஆ baby subbu. உங்களுக்கு என்ன திறமை ஆண்ட்டி pls sollunga,non-abusive
இது மீரா மிதுன் இல்ல இது ஒரு ஆயா நோ அல்ட்ரா மாடல் இது இல்ல இது நாறு மண்டை அல்ட்ரா மாடல் இல்ல அதுக்கும் மேல,non-abusive
"அந்த அக்மார்க் ஈன தே... யாலை பேட்டி எடுக்கும்,  தரம் கெட்ட ஈன இழி பிறவி Galatta சேனலை செருப்பால அடிக்கணும்...",abusive
People : நாட்டுக்கு நல்லது நடக்குற மாதிரி எதாவது எடுங்கடா Galata :. தம்பி எங்களுக்கு trp அவ்வலவுதா,non-abusive
"இந்த பொண்ணுக்கு புத்தி சொல்லி encourage, motivation குடுத்து சாதித்து தன் சுயமரியாதையுடன் நிற்க பயிற்சி கொடுங்க....she is innocent but,mind got contaminated......",non-abusive
மாமா வேலை பாக்குற இவல ல ன்டிரிவ் ஏடுக்குறிங்க .சிக்க மாமா பு..*** தேவடியா லா சேலிபிரடடி யா,abusive
உங்க டிராமாக்கு சொல்வதெல்லாம் உண்மை நிகழ்ச்சிதான் சரியா இருக்கும்.  எல்லாரும் பார்க்கிறா மாதிரி சண்டையிட்டுக்கிறதுக்கு அந்த இடம்தான் சரியா இருக்கும். அங்க லஷ்மி ராம‌கிருஷ்ணன் மாதிரி கிறுக்கு பயபுள்ள நடுவில் உக்காந்துகொண்டு நாட்டாமை போல பஞ்சாயத்து பண்ணிட்டு இருக்கும். அந்த பொம்பளைக்கி இது மாதிரி கண்டெண்டு கெடச்சா சும்மா விடாது. என்ன பண்ணுவாரு உங்க புருஷன்னு கேட்க ஆரம்பித்து எல்லாத்தையு‌ம் போட்டு வாங்கி குடும்ப மானத்தையு‌ம் வாங்கி கடைசியில் குடும்ப உறவையு‌ம் கு***டிய தூக்கிட்டு போக வச்சிடும். என்ன ஒன்னு இதனால் டிவிகாரனுக்கு‌ம் உங்களுக்கும் பணம் கிடைக்கும்.  நாட்டில் எவ்வளவோ குடும்பத்தி‌ல் பிரச்சினை இருக்கத்தான் செய்கிறது. இருவரும் பரஸ்பரமாக பிரிந்து செல்ல வேண்டும் என்றால் எதுவும் பேசாமல் பிரிந்து செல்வது ந‌ல்லது. இது போன்ற குடும்ப இல்லற விஷயங்களை இப்படி மீடியா முன்னாடி வ‌ந்து பொதுவெளியில் பேசுவதை கேட்கும்போது காது கூசுகிறது. இப்படியெல்லாம் செய்வதற்கு பதில் ஒருவர் மீது ஒருவர் மாறி மாறி சேற்றை வாரி இறைத்துக் கொள்ளுங்கள். எல்லாம் உங்களுக்குள்ளேயே இரு‌ந்து விடும்.   நாலு சுவருக்குள்ள நாசமா போனத ஏன் இங்க வ‌ந்து சொல்லுற. நீங்க ரெண்டு பேரும் கலியாணம் பண்ணிக்கலன்னு யாரு அழுதார்கள்,abusive
ஒருத்தரோட ரகசியத்தை இன்னொருத்தர் தெரிஞ்சுக்கிட்டதால வந்த சண்டை. வாழ்த்துகள்,non-abusive
நீ திருச்சியில் வீட்டுவேலை செய்ததை மரச்சீட்டியேம்மா எவ்வளவு பொய் அடேங்கப்பா என்னம்மோ பெரிய பணக்காரிமாதிரி பேசுரீயே K.k நகர் மரந்தீட்டியே,abusive
அவள இப்போவே block பண்ணற... இவ சேனல பாத்தா இனி என்னைவிட கேவலமானவன் யாரும் இல்ல து....,abusive
கார்த்தி முதல் உயிருடன் இருக்காரா இல்லையான்னு தெரியல்லை.,non-abusive
செய்யுறது தேவிடிய வேலை இதுல ஹாலிவுட் நடிகை ரேஞ்ச் படம் காமிக்குது நாய்.,abusive
லச்சுமி மெடம் அடுத்த படத்துக்கு கதை தயாராகிரிச்சி,non-abusive
ஏன் ஷகிமா உங்க time இப்படி waste பன்ணி இன்டெர்வியூ பண்றிங்க..... உங்களுக்காக மட்டும் தான் இந்த வீடியோ வ நான் பாக்குறேன்.....,non-abusive
"வண்டியை ஓட்றது தானே இவள் வேலை, இவ யார் நடத்துனர் விஷயத்தில் தலையிட. திமுக சொம்பு போல் அதான் நாடகம் ஆடுறா. வேலைவிட்டு கோபாலபுரம் போய் கழுவுடி",abusive
இவல பேட்டி எடுத்த கலாட்டா இன்று முதல் சர்வீஸ் கலாட்டா சேனல் என்று அழைக்கப்படும்,abusive
"அடுத்த பஞ்சாயத்து சூர்யாதேவி vs ரவுடிபேபி சூர்யா ரெடியா இருங்க லஷ்மி மேடம்,நல்ல content கிடைக்கும் tik tok ஓனரே அசந்துப்போவான் உலத்திலேயே தமிழ்நாட்டில்தான் இந்த app ஐ இவ்வளவு மோசமாக பயன்படுத்துகிறார்கள் என்று.",non-abusive
சிக்க ப்ரோக்கர் உம் தான் இவள சிங்கப்பூர் கு அனுப்பினான். சிக்க இவளுக்கு சரக்கு வாங்கி குடுக்குரான் அதான் இவன் கூட இருக்க.,abusive
நாட்டுக்கு ரொம்ப ரொம்ப முக்கியமான விஷயம் வாழ்த்துக்கள்,non-abusive
என்னங்க நான் வீடியோ பாத்து சிரிக்கறதா? கமெண்ட் பார்த்து சிரிக்கறதா? வயிறு வலிக்குதய்யா!,non-abusive
Tik tok தேவையே இல்லை பிளீஸ் மேடம் உங்க வேலையை எனக்கு குடுங்க டைம் பாஸ் ஆகும் சம்பளம் வருமே,non-abusive
ஷகிலா மேடம் மைன்ட் வாய்ஸ் தல சுத்துதே பைத்தியமா இவ,abusive
நாட்டுல எவ்ளோ பிரச்சனை இருக்குனா நீங்க ஏன் இவங்கள கூப்பிட்டு வந்து பேச விடுறீங்க..... மேடம்....,non-abusive
கார்த்தி யாரு redu பேரும் சண்டை podrathu சிரிப்பா varuthu,non-abusive
குஷ்பு சும்மா பொத்திக்கிட்டு போ.தியேட்டர்ல போய் ஆடு.எங்களை தொந்தரவு பண்ணாதே.,abusive
"அட பாவிகளா கன்டென்ட் மேரேஜ்aaa ,,,thoooo ,,,,,,,,,,,,kallachi un channel un subscribe பண்ணிடுறேன்",non-abusive
இந்தப் பொண்ணு அரசாங்க வேலைக்கு ரூட் போடுது,abusive
இந்த கரி பூதம் திவ்யாவை செருப்பால் அடிக்க வேண்டும்..,abusive
என்னடா நடக்குது இங்க கடவுளே என்னால இனி வாழ ஏலாது எப்படியாவது உன்னோடு என்ன எடுத்துரு,non-abusive
You tube காரன் Google kandu பிடிக்கல. Google காரன் தான் YouTube கண்டு பிடித்தான்,non-abusive
கலாட்டா இந்த தேவுடியல வச்சி பேட்டி எடுக்குறதுக்கு உன் சேனல மூடிட்டு போ டா,abusive
"Dr.Sharmi..... நீங்க என்ன சொல்லி இருக்கனும்.......  சின்மயி... உனக்கென்ன மா நீ பைத்தியம் நீ என்ன வேணும்னா பேசலாம், நான் அப்படியா நான் ஒரு டாக்டர், நான் சரியாதான் பேசனும்.",abusive
சுகந்தியே மட்டும் பாக்க  தான் .நான் விடியோ  பார்த்தேன்,non-abusive
"டேய் ஆதன் டிவி உனக்கெல்லாம் வேற ஆளே கிடைக்கிலையா, இதுக்கு நீ வேற வேலை பார்க்கலாம், pakka uruttu, nalla uruttu, ITEM SUBBU",non-abusive
இவளா ஒரு இளு கேடு கெட்ட வ த்தூ,abusive
அட கடவுளே இப்படியே போனா ஆண்களின் கதி என்ன,non-abusive
"அழகு ராஜா, மணிகண்டன், செல்வா, கார்த்திக், ரமேஷ், பன்னீர்செல்வம், போதும் போதும் லிஸ்ட் பெருசா போயிட்டே இருக்கு,,,,,,,",non-abusive
கைல படிப்பு இறுக்கு ஆணா பொழைக்க தெரியல,abusive
"ஐந்தாயிரம் பத்திரிகை மக்களே, என்ன உருட்டு, வாய திறந்தா ஒரே பொய்",abusive
கண்ணுல தண்ணி வர அளவுக்கு சிரிச்சிட்டேன் comments இப்படி போடாதீங்க views.. Gundu jesssy  Karthiya thedraanga.. yyyaaa...,non-abusive
ஏண்டி நீ எல்லாம் என்னத்தேடி தின்னுதொலைக்கிற உனக்கெல்லாம் எதுவுமே கிடயாதா,abusive
யார்ரா அந்த மன்மத குஞ்சி கார்த்தி எனக்கே பாக்கணும் போல இருக்கும்,non-abusive
இந்த தேவடியாவை புண்டையை பார்த்தாலே எரிச்ச புண்டை யா இருக்கு,abusive
கோத்தா ஒரு பையனா பொறந்து பாருங்க அதோட வலி தெரியும்.. அந்த பையன் சாகும் வரை அந்த கடனை கட்டுவான் கடன் காரன் வீட்டு வாசல் வந்து நிக்கிறிப்ப கூட பொன்டாட்டி இருக்கும் இந்த சூழ்நிலையில் அவன் அசிங்கத்துல உயிரோட இருக்கிறத பெரிய விஷயம்...,abusive
என்னைக்கி ஆனும் பென்னும் சமம் சமம் என்று சொன்னிங்களோ அண்ணைக்கே பெண்கள் நிலமை இப்படித்தான் இருக்கிறது,abusive
இந்த திவ்யா முஞ்சிய பார்த்து தாலே வாந்தி வருது,abusive
ஷகிலா நாதாரி நீ காசுக்காக தான கன்றாவி சினிமா நடிச்ச... இது அப்புராணி புள்ள இது கிட்ட நீ தாட்டியம் பண்ற. பாவம் அந்த புள்ளக்கி உன்ன பத்தி தெரியாது போல....,abusive
கள்ளர் வீட்டுக்கே பிறந்த ஒரு சாபம் இந்த திவ்யா,abusive
கார்த்தி என்று பெயர் வைத்த அனைவரும் தலைமறைவு.,non-abusive
இன்னுமா டா அந்த கார்திக்க கன்டுபிடிக்கல கொடுமைகள் பல விதம் அதில் இது ஒரு விதம்,non-abusive
"எல்லாம் ok , அந்த குண்டு பொண்ணு மட்டும் மாஸ்க் போட்டு பேசிருந்தா பாக்க கொஞ்சம் நல்லா இருந்துருக்கும் , அது வாய், பல்ல பாக்க சகிக்கல",abusive
நல்ல காமெடி ஷோ. நாட்டுக்கு ரொம்ப முக்கியம்,non-abusive
எதுக்குமா இதுங்கள பேட்டி எடுக்கறீங்க அசிங்கமா இருக்கு,non-abusive
அந்த லூசுக்கு ஒரு பக்கம் மண்டையில் சொட்டை விழுந்திருக்கும் போதே நாம் தெரிஞ்சிக்கனும் அதுக்கு மூளையில ஓட்டை விழுந்திருச்சுன்னு. அவளுக்கு எல்லாத்தையும் பப்ளிக்கா சொல்லனும்ங்கிற ஒரு மனோ வியாதி. சித்தா மருத்துவத்தை அந்த குரூப்பே ஏத்துக்காது ஏன்னா அவங்களுக்கெல்லாம் மூளை வலிமை அதிகம்.,abusive
தம்பி கார்த்தி ...ராசா ...நீ எங்கய்யா இருக்குர....இந்த புள்ள டார்ச்சர் தாங்க முடியல....,non-abusive
இவளே மறுபடியும் ஜெயிலில் பிடிச்சு போடணும்.நல்லா கேள்வி கேட்டிங்க,abusive
உருட்டு உருட்டு உன் வாயி உன் உருட்டு போடி இவளே,abusive
"மேடம் இந்த கேசெல்லாம் விசாரிச்சா, சொல்வதெல்லாம் நிகழ்ச்சிக்கு, அசிங்கமா போயிடும், இந்த பொம்பளைங்க, இல்லை குண்டர் சட்டத்தில் போடுகிற பொம்பளைங்க ,,,,,தேனி மாவட்டத்துக்கு கேவலம்,,,",abusive
எனக்கு ஏன் கார்த்தின்னு பேரு வெச்சாங்கன்னு தெரியல எங்க. தாத்தா நல்ல வேளை மதுரையில்ல நான்,non-abusive
தயவு செய்து இனிமேல் இந்த பொண்ணு வீடியோ போடாதீங்க எனக்கு பாக்கவே ரொம்ப மண்டையை வெடிக்கிற மாதிரி இருக்குது சைக்கோ மாதிரியே இருக்குது இந்த பொண்ணு என்ன பைத்தியமா சொன்னதே லூசு மாதிரி சொல்லிட்டே இருக்கு,abusive
பாவம் திவ்யா அவளோட love உண்மையானது..god bless you divya..பெண்கள் எப்பவுமே தப்பு பண்ண மாட்டாங்க..,non-abusive
சின்மயி அடித்த மீராமிதுன் பப்ளிசிட்டி பைத்தியம் அதனால் தான் ரகுமான் அவர்கள் அவருக்கு பொன்னியின் செல்வனில் எந்த ஒரு பாடலும் கொடுக்கவில்லை ரகுமான் அவர்கள் சைக்கோ உடன் எந்தத் தொடர்பும் வைத்துக் கொள்ள மாட்டார்,abusive
மனுஷங்களாடா நீங்க..... ரொம்ப தரம் தாழ்ந்து விமர்சிக்கிரீங்க..... மூன்று மாத குழந்தையா இருந்த போதே தந்தைய இழந்துட்டு கேக்கவே சங்கடமா இருக்கு.....  அவங்களும் ஒரு பெண்தான்... எல்லாரையும் போல வாழ ஆசைப்பட்டு நிறைய ஏமாந்து என்ன பேசணும்னே தெரயாம பேசிட்ட்டு இருக்காங்க.... கடந்து போங்க இது மாதிரி ஆளுங்கல .... காயப்படுத்தாதீங்க..... இறைவனை வேண்டிக்கிறேன்.... இனி வரும் நாட்களிலாவது இந்த பாவப்பட்ட பெண்ணின் வாழ்க்கை நல்லா இருக்கட்டும்,non-abusive
லெட்சுமி mam mind voice: நா செவனேன்னு தானடா இருந்தே,non-abusive
டாய் என்னடா நடக்குது இங்க நாட்டுல இருக்குற பிரச்சினைகளை காட்டிலும் இவங்க பிரச்சினை ரொம்ப பெரிசா இருக்கும் போல. இந்த behindwoods நாய்களை செருப்பை எடுத்து நடு மண்டையி ல அடிக்கணும் டா,non-abusive
பெட்ரோல் ஊத்தி விடுங்க முதல்ல. நாடு நல்ல இருக்கும்,non-abusive
இந்த கருமத்தையும் போட்டிருக்கானுகனா அவன் எவ்ளோ பெரியா கருமமா இருப்பான்...டேய் இதுங்க மூஞ்சிய பார்த்தாலே சோறு இறங்காது டா டேய்,non-abusive
ஐயோ சுதந்திரதிற்காக போராடிய பெண் போராளியின் வாழ்க்கை வரலாறு எங்கள் வாழ்க்கை முன்னேற மிகவும் முக்கியமான கருத்துக்களை சொன்ன மாண்பு மிகு பெண் போராளி அம்மாக்கு நன்றிகள் .. சாதனா எனும் மாற்று மொறு பெண் போராளி இருக்கிறார் அவரின் நேர்காணலயும் பதிவிடுங்கள்..பாரதமுன்னேற்றத்திற்கு,non-abusive
சுருக்கமாக தொங்கு சாவு கனிமொழி எனக்கு உனக்கு,abusive
நல்லா நடிக்கிறா நம்பர் ஒன் தேவிடியா முண்டை.,abusive
ஏண்டா கார்த்தி எங்க இருக்க வந்தது தொல்லை டா வந்து இந்த குண்டு திவ்யாவை பாரு........ இவ தொல்லையா தங்க முடிலா கரும்ம கரும்ம இவளுங்கலா பார்த்தாலே எரிச்சலா இருக்கு இந்த திவ்யா பன்னி வாயித்தை பார்த்த நாலு சுவர்த்துலா பண்ற தா open na இந்த சுகந்தி பண்ற இந்த இரண்டையும் வச்சி show பண்ணினா விலக்கிடும் ரொம்ப அருமை,abusive
தேவிடியா நீ யார் TRP க்காகே ஏன் இப்படி பன்னுர உனக்கும் பொன்னுங்க இருக்காங்கே இதலெல்லாம் உனக்கு ஒரு பொழப்பா,abusive
அம்மா தங்கச்சி அரசு ஓட்டுநர் பணி தருகிறோம் பணம் கொடு என்று கருர் செந்தில் பாலாஜியின் ஆட்கள் வருவார்கள் பணம் தந்து ஏமார்ந்து விடாதே .,abusive
கடைசி வரைக்கும் எதுக்கு சரிப்பட்டு வரமாட்டேன் என்று சொல்லாமலேயே முடிச்சுட்டாங்க...,non-abusive
மனநலம் பாதிக்கப்பட்ட பெண்மணி அப்படித்தான் நடந்து கொள்வார்கள் அதையெல்லாம் கண்டுகொள்ளாமல் பயனிப்பதே சிறந்தது,abusive
கொஞ்சநேரம் காமராவ off பண்ணி இவள் ரெண்டு பேருக்கும் நல்லா பழுத்த metal rodஅ செருகி அனுப்புங்க. பச்சை உடுப்புகாரிக்கு 2 rod வையுங்க.,abusive
கார்த்தி மாப்பிள துபாய்க்கு வந்து எத்தனை நாள்ல ஆகுது,non-abusive
இதெல்லாத்தையும் பெட்ரோல் ஊற்றி கொல்லனும் போல இருக்கு ஆனா பெட்ரோலின் விலை 100 ரூபாய் வந்துவிட்டது பெட்ரோல் வாங்க காசு இல்லையே,non-abusive
மேடம் இந்த சாக்கடையில் கால் வைக்க வேண்டாம்,abusive
இந்த வாய்ப்பை நாம் பயன்படுத்தி கொள்ள வேண்டும் என்று தன் ( poimer tv) வேல்ராஜ் என்ற பெயரை கார்த்திக் என்று மாற்றி கொண்ட உங்கள் வேல்ராஜ்...,non-abusive
"1:46 முட்டாள் ஆண்கள் இருக்குறவனுங்க மட்டும்தான் உன்னமாதிரி ஆல பாத்து ஜொள்ளு விடுவானுங்க  உன்ன பாத்தாலே ஒரு மாசத்துக்கு சோறு சாப்பிடமுடியாது, சகிக்கல ஆம்பளைங்க என்ன அவ்ளோ கேவலமா போச்சா உனக்கு",abusive
எங்களுக்கு உன்னை பார்த்தாலே சாகனும்முனு தோனுது முடியில் உன்னை பார்த்த நாளுல இருந்து நாங்க அழுதுக்கிட்டு இருக்கேம் கார்த்தினு அழையிறத விட்டுட்டு போய்டு அம்மாவ காப்பாத்து சிரிக்காத பயம இருக்கு இது பொருமைய வேற இருக்க உனக்கு,non-abusive
இவர்களாக நிகழ்ச்சியில் கலந்து கொண்டார்களா? அல்லது நிகழ்ச்சியாளர்களால் வரவழைக்கப்பட்டார்களா?,non-abusive
திவ்யா பிராடு பேசுது.. சுகந்தி பாவம்.. திவ்யா பிராடு பேசாத சரியா உனக்கு என்ன தான் வேனும் திவ்யா பிராடு... செருப்பு அடி வாங்காம போய்ரு திவ்யா.. சுகந்தி பாவம் நல்லவங்க,abusive
என்னடா இந்த முண்ட சுகந்திய கேக்கவே மாட்றா.. சுகந்திய பாத்து பயப்படுறாலோ இந்த முண்ட லக்க்ஷ்மி,abusive
"கார்குள்ள வச்சி அடிக்கலே மேடம், பெரிய லாரிலே இந்த தோம்பை(திவ்யாவை) தூக்கி போட்டு அடி அடின்னு வச்சு வச்சு செஞ்சோம் மேடம்.இவள அடிக்கும்போது லாரியோட 2 tyres வெடுச்சிட்டு மேடம்.",non-abusive
இதெல்லாம் அவன் தே டப்பிங் புகழ் காரம் கூகுள் கரன் விலை கொடுத்துபேசுறது இது எங்க வந்து என்ன பண்றாங்க அது எல்லாம் வந்து கூகுள் குரோம் கூகுள் உடைய பினி இதுதான் இன்னும் கொஞ்சம் கம்மியா படிச்சிருக்காங்க லோ சோ எனக்கு கூகுளை பத்தி நல்லாவே,non-abusive
Semma fun ramki mam உங்களுக்கு அந்த கடவுள் ரொம்ப பொறுமையை கொடுத்துருக்கான்,non-abusive
நடிகர் சூரியாவின் சகோதரர் கார்த்தி ஏன் பல திரைப்படங்களில் நடிக்கவில்லை என்பது இப்போது எனக்கு புரிகிறது,non-abusive
துணி இல்லாமல் வெறும் உடம்பை காட்டி பணம் பார்த்த ஷகிலாவை விட..திவ்யாவை போன்ற பெண் பிசாசுகளை என்ன செய்வது...,abusive
யாருயா இந்த கார்த்தி எனக்கே பாக்கனும் போல இருக்கு,non-abusive
அவ்வளவு பெரிய அப்பா டக்கரா அந்த கார்த்திக்.,non-abusive
முந்தானி மட்டும் தான இல்ல வேற எதும் கலட்டலயா ..... ஒம் மால,abusive
முதலில் யூ டியூப்  போடுரவங்களுக்கு கடுமையான ஒழுங்கு முறை சட்டம் கொண்டுவர வேண்டும். பார்க்கிறவர்கள் முகம் சுளிக்கும் அளவுக்கு பல யூ டியூப் வெளிவருகிறது. இவர்கள் ஒழுங்காக வரி கட்டுகிறார்களா என்றும் கவனிக்க வேண்டும்.   இந்த பொண்ணு மூஞ்ச பாத்தா செம்ம அடி கொடுக்கணும் போல் இருக்கு. எரும மாதிரி உடம்பை வச்சிக்கிட்டு எங்கனா வேலை பார்க்கிறதே விட்டுட்டு நோகாம நோம்பு கும்பிட பாக்குது. அது பல்லும் அது மூஞ்சும். அது வீட்டுல கண்ணாடி ஏதும் இல்லையோ.,abusive
இசை ல மேன் யார் சொன்னாலும் திருந்தவே மாட்ட ஒரு திருந்தாத ஜென்மம் காசுக்காக எவன் கூட வேணும்னாலும் போய் நடிப்பார் என தயாரிப்பு மறுபடியும்,non-abusive
அகில உலக டிக்டாக் திவ்யா ரசிகர் மன்றம்,non-abusive
"ஹலோ உலகத்தில் எத்தனையோ சாதனை யாளர் இருக்காங்க அவங்கள போய் இன்டர்வியூ எடுக்க வேண்டியது தானே...,.நல்லவங்கள இன்டர்வியூ எடுத்தா உங்களுக்கு புண்ணியம் கிடைக்கும்....,",non-abusive
சுந்தர் பிச்சைக்கு ஒரு fax போடுங்கப்பா...இந்த அசிங்கமெல்லாம் எப்பிடி விட்டு வைச்சிருக்காங்க.,non-abusive
இவளுக்கு சுந்தர் c பத்தள போல இருக்கு,abusive
சிக்கந்தரும் இங்கதான் இருக்கான். ஆத்தாடீ என்ன நடிப்புடா சாமி,non-abusive
அக்கா சுகந்தி அக்கா நானும் தேனி தான் ஆண்டிபட்டி,non-abusive
இந்த வீடியோவை tiktok கம்பெனிகாரன் மட்டும் பார்த்து இருந்தான்... இனி இந்தியாவுக்குள் வர யோசிப்பான்,non-abusive
சீ அது என்ன வாயில மொற தள்ளுது,abusive
உனக்கு பிடிக்கவில்லை என்றால் போய் விவாகரத்து பன்னிட்டு போ.......  என்ன மயித்துக்கு இந்த மீடியா மூலம் அசிங்கப்படுத்துற..... அசிங்கபடுற.... போடி முண்ட...,abusive
அந்த கருப்பு டிரஸ் திருநங்கை மாதிரி இருக்கு...,abusive
"கண்டா வர சொல்லுங்க ,  அந்த கண்டாரோலி கார்த்தி ஹ கையோட கூட்டிவாருங்க",non-abusive
சாதனா சாதனை பன்னீட்டா ஒரு செல வச்சிருக,abusive
இந்த அம்மா சிரிச்சா நான் பயந்து விடுவேன்.அந்த அம்மா பெரிய பேய்.,abusive
குழந்தை ரொம்பம அழவுது போய் பால்குடுமா ...போ..போ,abusive
ஆமா உடை என்பது ஆபாசம் அல்ல ஆனா நீ உயிர் வாழ்றது தான் ஆபத்து எங்க எல்லாருக்கும்...,abusive
போடி லூசு...... உனக்கு கிடைத்த வாழ்க்கையை நீ சரியாக பயன்படுத்தி கொள்ளவில்லை. நீ சொல்லுவதை இங்கு நாங்கள் கேட்க நாங்கள் அனைவரும் பைத்தியக்கார ரன்கள் இல்லை.,abusive
அடேய் அது சென்ட்ரல் மினிஸ்டர் ஸ்மிரித்தி இராணி டா...இருந்தாலும் aunty செமயா இருக்கு..,non-abusive
இவளுகள கொளுத்தலாம்னு பார்த்தா பெட்ரோல் விலை ஏரிப்போச்சி சரி டீசல் னா கொலுத்தலாம்னு பார்த்தா அதோட விலைபெட்ரோலுக்கு நிகரா இருக்கு சரி மண்ணெண்ணை ல கொலுத்தலாம்னு பார்த்தாலும் ரேஷன்ல எனக்கு மண்ணெண்ணை கிடையாது பேசாம episod பாக்குர நாம தான் சாகனும் போல.......,abusive
நீங்கெல்லாம் கொஞ்சம் அம்சமாகவும் இருந்திட்டா என்ன ஆகிறது .,non-abusive
ககார்திய (கண்டாரோலி கார்த்தி ) கண்டா வரசொல்லுங்க அவன கையோட கூட்டி வாருங்க,non-abusive
இது ஒரு ஜென்மம  அன்று லெ. ரா. இன்று நீங்கள்  இந்த சனியன் வீடியோ போடாதீங்கள்,non-abusive
கார்த்திக் பேன்ஸ் லைக் பண்ணுங்கனு எந்த மூதேவியும் இன்னும் தட்ட தூக்கிட்டு வராமா இருக்குறது ஆச்சர்யமா இருக்கு,abusive
"ஒருவேலை கார்த்திக் நாகினி சீரியல் [கார்த்திக், சிவன்யா ] வா இருக்குமோ",non-abusive
நாட்டுல எவளோ பிரச்சனை இருக்கும் பொழுது நீங்க என் இவங்க பிரச்சனையை என் நீங்க பேசணும் மேடம்........,non-abusive
இந்த கொசுத் தொல்லை தாங்க முடியல...பாவ விமோச்சனமா இதை விஷத்த கொடுத்து சாக அடிங்கப்பா...,non-abusive
சின்மை ஒரு ஆளா அவ குடிச்சிட்டு பேசுறா போல,abusive
இந்த pombala நாய்களை வைத்து ஒரு நாய் விளையாடுது. ச்சீ,abusive
எவ்ளோ பேர் கஷ்ட பட்டு உபயோகமான வீடியோ நிறைய போடுறாங்க.... ஆனா நாய் எதை போட்டு இருக்கு பார்த்தீங்களா... இவளுங்க லாம் பாத்ரூம் ல 100 நாள் பூட்டி வச்சிடணும்,abusive
ஏன்பா behindwoods தயவு செய்து இப்படி கேவலமான programme ஐ telecast பண்ணாதீங்க ராஜா,non-abusive
நான் தமிழன்.... இனிமே தமிழ் பொண்ணுங்க.... நான் தமிழச்சினு சொன்ன செருப்பால அடிவாங்குவ.... குடிக்கறதும் கூத்தடிக்கறதும்தான் தமிழ் பொண்ணுங்க வேலையாடி நாயே....,abusive
அந்த திவ்யா என்கிற.லூசை மெண்டல் ஆஸ்பத்திரியில் சேருங்க,abusive
கஞ்சி க்கு‌ வழி இல்ல.....இவ சிங்கப்பூர்க்கு டூர் போறதுக்கு காசு இருக்கு....போய் பிராத்தல் பண்ற நாயு....வாயப் பாரு,abusive
சோசியல் மீடியா சைக்கோ திவ்யா என்றால் மெயின் ஸ்ட்ரீம் மீடியா சைக்கோ லட்சுமி ராமகிருஷ்ணன் இவளுக்கு எல்லாம் எங்க அக்கா வனிதா விஜயகுமார் தான் கரெக்ட்.....,non-abusive
கஸ்தூரி என்ன உனக்கு என்ன பிரச்சினை ஏய் முட்டாள் நீ எந்த நாடு நீ எந்த ஜாதி கஸ்தூரி அவர்கள் சொல் கேக்கா மேக்க உன்மைய மட்டும் தான் பேசனும் இல்லை செருப்படி தான்,abusive
"கார்த்தி என்ற பெயரிஎல் மூர்த்தி வாழ்ந்து வந்துள்ளான். திவ்யாவின் பேயாட் டம் கண்டு கார்த்தி தலைமறைவு. கார்த்தி ...., திவியாகிட் ட மாட்ன உன் வாழ்க்கை கைமாதான்... Great escape da. ...nee",non-abusive
"உன்கிட்ட தப்பிச்ச கார்த்தி சந்தோசமா இருக்கான்...... மத்த எல்லா கார்த்தியும் கவலை ல இருக்கானுக...,",non-abusive
கடல். நீரும். உப்புதான். கண்ணீரும். உப்புதான்.. இந்த. கண்டரா ஒழியை. பார்க்க. வந்தது. என் தப்புதான்..!,abusive
சகிலா ஓக்கியமா சீன் படத்துலா நடிச்சது எங்களுக்கு தெரியாதா,abusive
பட்டும் திருந்தாத ஜென்மம் இது உங்க டைம் ஆஹ weast பண்ணாதீங்க..,non-abusive
உலகத்தில் உள்ள அத்தனை கார்த்திகை கொண்டு வந்து திவ்யா முன் நிற்க வைத்தாலும் ...திவ்யாவால் கண்டுபிடிக்க முடியாது.,non-abusive
Parents வச்சுக்கிட்டெ இப்டி பேசுற இவ சீ தூ து,abusive
2:54 உன் பல்ல பார்த்திருப்பாரு அதான் செத்துட்டாரு,abusive
சமுதாயத்தில் சிந்திக்க எவ்வளவு உள்ளது இது போன்ற நபர்களை பிரபலமாக காட்டாதீர்கள் நல்ல சிந்தனையை தூண்டும் காணொளியை போடுங்கள் அம்மா,non-abusive
3:23ஏன்னடா இது. எனக்கு கல்யாணம் ஆயிடுச்சி டிவோஸ் ஆயிடுச்சி.. ஏதோ மழை வந்துச்சி. மழை நின்னுச்சி மாதிரி சொல்றா,non-abusive
@SP-ev6ei ஆமாம் கடந்த தலைமுறை வரை அப்படி தான் இருந்தது. ஆனால் இவர் அந்நிலையில் இருந்து இருவரும் சம்பாதிக்கலாம் இருவரும் பொருப்புகளை பகிர்ந்து வாழலாம் என்று தன்னை பண்படுத்தி கொண்டு சொல்கிறாரே. அவர் பேச்சில் எனக்கு சமத்துவம் தெரிகிறது. ஆனால் பெண்னின் பேச்சில் தெரியவில்லை. ஒரு வேளை உங்களுக்கு அவர் கூறியது அதிகாரமாகவும். நான் திசை திருப்புவது போன்றும் தோன்றினால் பரவாயில்லை. உங்கள் கருத்துக்கு வாழ்த்துக்கள்.,non-abusive
இதுவும் பணம் குடுத்து எடுத்த வீடீயோ னு தெரியும்,non-abusive
கார்த்தி எங்கிருந்தாலும் தப்பித்து ஓடிப் போயிரு இல்லன்னா இந்த கடல் காண்டாமிருகம் உன்வாழ்க்கை யை அழிச்சிடுவா,non-abusive
லஷ்மி mam ...நீங்க ரொம்ப பெரிய ஆளு ஏன்னா திவ்யா வ பாத்த அப்புறமும் சிரிக்காம இருக்கீங்களே...,non-abusive
மூடி வைத்தை மோடியிடம் அவிரு. அப்போது தப்பா இருக்கா சரியா இருக்கான்னு கூறுவார் அவர் கண்ணைக் கெடுத்துவிடாதே. இன்னும் பல நாடுகள் செல்ல வேண்டியிருக்கு. ஓகே.,abusive
உங்களுக்கு எல்லாம் வெட்க்கமே வராதா ச்செஸ் இந்தமாதிரி பேசுரத எல்லாம் கேட்க்கவேண்டி இருக்கிறதே,abusive
"உன் சேவை என்னனு தெரியும், நல்லா செய்வோம்..",abusive
நீ விரிச்சே காட்னாலும் எவனும் செய்ய வர மாட்டான்,abusive
ஷகிலா மேடம் அருமையாக கேட்கிறாங்க ஒவ்வொரு அடியும் செருப்பால அடிச்ச மாதிரி கேட்டாங்க அவனுக்கும் இவளுக்கும் சூடு சொரணை இருக்காது பொண்டாட்டிய விட்டுட்டு அடுத்தவள் கூட படுத்தா அசிங்க பட வேண்டியதுதான் பொண்டாட்டிக்கு துரோகம் பண்ற எவனும்நல்லா இருக்க மாட்டான்,abusive
ரொம்ப பேசரம்மா..... தகுதி இல்லாத நபர்களை இது போன்ற நபர்களுக்கு வேலை கொடுப்பது தவறு....,non-abusive
பெண் என்றால் பேயும் பயப்படும் என்பது இந்த நிகச்சியில் உண்மையாகி விட்டது....,abusive
தான் பெண் என்பதை மறந்து விட்டு நடமாடும் ஜென்மம்,abusive
இந்த நாய் கரெக்ட் பேசுது. இந்த மாதிரி ஐட்டமா இருக்கறது னால தானா என்ன நீங்க இப்ப மாத்தி மாத்தி இன்டெர்வியூ எடுக்கறீங்க,abusive
ஒரு ஆளுக்கு எத்தனை ஆளுதாண்டா அட அட போங்கப்பா தலைசுத்துதூ,abusive
சினிமா என்பது ஒரு நல்ல வழிகாட்டு டியாக இருக்கை வேண்டும் படத்தில் நல்ல காட்சி இப்ப உள்ள காலகட்டத்தில் நல்ல விதைகளை துவ வேண்டும்,non-abusive
எல்லாம் முடிந்து கடைசியாக‌ நாட்டின் மேல் அக்கறை காட்டி பேசறமாதிரி நடிச்சிங்க பாருங்க அங்கதா உங்க நடிப்பின் உச்சத்தை தொட்டுடிங்க மேடம்....,non-abusive
இந்த திவ்யா மாதிரி ஆளுங்களுக்கு ஆதரவு கொடுகாதிங்க நல்ல youtuberகு ஆதரவு கொடுங்கள் இந்த மாதிரி ஆளுங்களுக்கு ஆதரவு கொடுத்தால் இப்படித்தான் தன்னை தானே ஒரு அழகினு நினைச்சிட்டு பணத்துக்காக தேவையில்லாத வேலையெல்லாம் செய்றது பேசத் தெரியாம சும்மா வாய்க்கு வந்தெல்லாம் பேசி,non-abusive
இவள பேட்டி கண்ட ஆசை நாயகி ஏன் தூக்கத்தைக் கெடுத்த சகி வாழ்க,abusive
ஐயோ கார்த்தி இலங்கையில இருக்கான் திவ்யா வா,non-abusive
கடவுள் இருக்கானு கூட proof பண்ணிடலாம் ஆனால் கார்த்தி இருக்கானு proof பண்ண முடியாது போல,non-abusive
divya akka : 50 ரூபாய்க்கு நடிக்க சொன்னா 500000ரூபாய்க்கு நடிக்குது......,non-abusive
டேய் கலாட்டா இவ ஒரு ஆளுனு இவல போய் பேட்டி எடுக்குறீங்களேடா உங்க சேனல்க்கு உண்டான மரியாதையே போச்சுடா,abusive
ரெண்டும் சரியான லூசு.. சிரிப்பை அடக்க முடியலROF,abusive
இவள் போன்ற சதை வியாபாரிகளை வெச்சிதான் சங்கிகள் ஆட்சி நடத்துறானுங்க. கேவலம்.,abusive
"Chinmiyi என்ன skin specialist taa  Dont worry Doctor  அவ over attitude காட்டுவா, மக்கு, head weight ரொம்ப உங்க கால் தூசிக்கு வரமாட்டா",non-abusive
வாய்ல எச்சி வாந்தி வருது இவள பார்த்தா,abusive
அப்படி ரெண்டு பேரும் என்னதான் பன்னுவாங்க அப்ப பசங்க நிலமை?,non-abusive
ஒரு வேளை கார்த்திக் னா நாம் தமிழர் கட்சி இடும்பவனம் கார்த்திக்கோ????,non-abusive
எளவ போச்சு கடன் வாங்கி ஈசி பன்னேன் இன்னைக்கு,non-abusive
எம்மா காண்டாமிருகம் கொஞ்ச பொருமையா பேசு ஆயிரம் தப்பு பண்ணவளே அமைதியா பேசுறா நீ ஏன் கத்துற...ஓ பக்கம் நியாயம் இருக்கு So. பொறுமை அவசியம் திவ்யா....,abusive
இந்த மாதிரி முட்டாள் பெண்களுக்கு சபாஷ் போடாதீங்க,abusive
ஐயோ சாமி சுகந்தி ஐட்டமாக இருந்தாலும் அழகு ஆனா இந்த திவ்யா வாய பார்த்தா நுரை தள்ளிப் போய் இருக்கு டா சாமி,non-abusive
.. Fair Fair யப்பா இவளுங்க அடிச்ச கூத்து தாங்க முடியுதா லஷ்மி மேடம் ஆனா டக்குனு இவளுங்க குடும்பத்தை பிரிக்காதீங்க  அட போங்க மேடம புதிய அத்தியாயம் ஆரம்பிக்கும் வாய்ப்பை இழந்துட்டீங்க,non-abusive
லோக்கல் ஐட்டம்மும் இண்டர்நேஷல் ஐட்டம்மும் உரையாடிய போது..,non-abusive
"1. திருச்சி சூர்யா : அறுத்து மெரீனாவில போட்டுடுவேன்.    2. டெய்சி : அவுத்து போட்டு நின்னாலும் விநாயக் பாக்க மாட்டாரு.    3. அகிலா புருசன்: ஒரே பொம்பளைய 2 பேரு வச்சிருக்காங்க.    4.வானதி : காலையில் ஒரு வீட்டுக்கு, மாலையில் ஒரு வீட்டுக்கு.     கருமம் கருமம், கட்சியாடா இது ?",abusive
இவ கூட யாரு வீடியோ போட்டாலும் அவங்களையும் ஜெயில் பிடித்து உள்ள போட வேண்டும்,non-abusive
பணத்துக்காக ஊர் உலகத்தை ஏமாற்றுவது தப்பில்லையா?..... என்ன இதெல்லாம்..... இந்த சமூக சீர்திருத்தவாதிகள் எல்லோரும் என்ன பண்ணுகின்றனர் இங்கே....,non-abusive
இவா வீட்டுக்கு எந்த திமுககாரன் நைட்டு ல பஓரஆன்னஉ கேட்டு சொல்லு மஉக்தஆரஉரஊரஊ..,abusive
மேடம் நீங்க க்ட வராதீங்க தப்பா இல்ல சூப்பர் மேடம்,non-abusive
இந்த மாதிரி பைத்தியங்களை தயவு செஞ்சு யூடியூப்ல காட்டாதீங்க,non-abusive
"இது,வந்து அவங்க அவங்களா திமிர்ல பன்னுதுங்க  நாட்டில் எவ்வளவோ பிரச்சனை இருக்கு நீங்க டைம்வேஸ்ட் பன்னாதீங்கமா தயவுசெஞ்சு",non-abusive
இவ ஒரு ஆளு (பு**ட) னு ஏன் பேசிட்டு இருக்கீங்க !,abusive
ஆரப்பாளையம் கார்த்தி ...மதுரை கார்த்தி......list poite iruku,non-abusive
சிக்கா நீயும் சூர்யா கூட தான் இருக்க போல. என்னா ஜென்மம்டா நீ டிஸ்லைக்820 நான் போட்டது,non-abusive
நாட்டுல ஆயிரம் பிரச்னை இருக்கு இதுங்க வேற பைத்தியம் மாதிரி,non-abusive
"ஆமாடா ... திரு கருணாய் நிதி, தளபதி சுடலை, இளய தளபதி உதயா நிதி என்று குடும்ப சகிதமா குசுபு மார்ப நக்கும் போது தெரியலையா அது நல்ல ஆடும்னு ...",abusive
டேய் ஆரப்பாளைய கார்த்தி எங்கடா இருக்க உன்னால மதுரைக்கே கெட்ட பேரு யாருடா நீ...,non-abusive
தல வலிக்குது டி உன் sildra கதைய கேட்டு,non-abusive
என்ன கருமம்டா இது...  இத்தனை பேர் Name சொல்றாங்க...,non-abusive
ஐயோ இது பைத்தியம். எந்த Angle-ல பார்த்தாலும் Series - ஆவே இல்ல,non-abusive
"கண்டன்ட் கண்டன்ட் என்று சொல்லி இப்போ ஷகிலா அக்கா கிட்ட எந்த கண்டன்ட் வேனும்னு இங்கே வந்தே எனக்கு தெரிந்து கார்த்திக் வேனும்னு சொல்வதேல்லாம் உண்மை என்ற ஷோக்கு போனே பாரு அதுவும் கண்டன்ட், இப்போ தேனி ஈஸ்வரன்காக ஷகிலா அக்காவே பாக்க வந்திருக்கே அடுத்து யாரேல்லாம் பாப்பியோ முடியலே",non-abusive
Mam mam நான் இப்ப பேசினாலும் தப்பு பேசலைநளும் தப்பு சொன்னீங்க. உங்களுடைய தர்ம சங்கடத்தை பார்த்தால் பாவமா இருக்கு mam,non-abusive
உனக்கு வேற பேர் வெச்ச ஆள் கிடைக்கலையா திவ்யா..,non-abusive
அப்படி ஒரு கேரக்டர் கார்த்திக் இல்லவே இல்லை....just for fun,non-abusive
கண்டா வரச் சொல்லுங்க கார்த்தியை கையோட கூட்டி வாருங்க,non-abusive
இவ எங்க சர்வீஸ் போற ஊர் புள்ள சொந்தகாரங்க இருப்பாங்க,abusive
அம்மா இப்போது விளங்குதா.பெண்களுக்கு சுதந்திரம் ஒரு அளவுக்குத்தான் இருக்கவேண்டும்.பாதித்தால் தாங்கிக்கொள்ள முடியாது பெண்களால் பெரும்பாலான பெண்கள் பெண்ணுரிமை என்ற பெயரில் நாசமாகிறார்கள்,non-abusive
எம்மா முடியலடா சாமி. என்னால் மட்டும் இல்ல இந்த வீடியோவப்பாக்குற யாராலையும் முடயல.போய் குழந்தைகல போய் படிக்க வைக்க.,non-abusive
என் பெயர் கார்த்தி இல்ல இனிமேல் மூர்த்தி,non-abusive
எம்மா இதெல்லாம் ஒரு பொன்னாம்மா?? மூஞ்சிக்கு மொகரக்கட்டைக்கும் 50 பவுனு கேட்குது??,abusive
லட்சுமி மேடம் ரியாக்சன் செம காமெடி சிரிப்பு தாங்க முடியலடா சாமி,non-abusive
அந்த நந்தினி ஓவர் பேச்சி. Commerce groupke இப்படி ஒரு பில்டப்.,non-abusive
மக்களே பாருங்க இதுக்கே இவ்வளவு பணம் வருது அப்போ தீபா சதிஷ் சாந்தா முத்து கண்ணன் பகவதி ராம் ஜானு இல்லங்களுக்கு எல்லாம் எவ்வளவு இதுங்க எல்லாம் ஊர சுத்தி ஆட்டம் போட்டு வீடியோ போட்டு காரு வீடு வாங்கி காரு ஒரு வீடியோ வீட்டுக்கு ஒரு வீடியோ போட்டு அதுக்கும் சம்பாதிக்கிறாங்க மக்கள் நம்ப திருத்தமாட்டோம்,abusive
யாருயா இந்த கார்த்திக் ????  எல்லாருக்குமே கார்த்திய பாக்கனும்போல இருக்கே .,non-abusive
"ஒருத்தி பாவாடை பன்னி, இன்னொருத்தி துலுக்க பன்னி! நல்லா இருக்கு கதை!",abusive
நீயெல்லாம் ஜெயலலிதா ஆக முடியுமா? Ottha poiru unna vida nota best,abusive
ஏன்டி டிக்டக் நாய்களா நீங்கள் இப்படி விபாசர ம் பண்ண கல்யாணம் என்னும் அயுதம் எடுக்கிறிங்கா உங்கள சொல்லி குத்தம் இல்லை பாக்குற எங்கள சொல்லானும் டி நாயே த்து இது எல்லாம் ஒரு புழப்பு மயிரு,abusive
"பெட்ரோல் விலை மட்டும் கம்மியா இருந்துறுந்தா , வாங்கிட்டு வந்து உங்களாலம் கொளுத்தி விட்ருப்பன் மூஞ்சிகல பார்த்தியா உருபுடுற மாதிரியா இருக்கு",abusive
அவன் ஒரு மொள்ளமாரி நீ ஒரு முடிச்சவுக்கி..,abusive
1000 நாட்டாமை வந்தாலும் தீர்ப்பு வழங்க முடியாது,non-abusive
சுகந்தி ஓவர் a நல்லவலுக்கு நடிக்கிறாள்... பச்ச தேவடியால்னு பாத்தாலே தெரியுது... திவ்யா பாவம்.....,abusive
விளங்கிடும் அடியேய் இதை விட கல்யாணம் பண்ணாதீங்கடி,abusive
கடவுளே 4 மணிநேரம் மட்டும் தூங்கும் அந்த நல்லுள்ளத்தை நிரந்தரமாக தூங்க செய்ய அந்த ராமரை வேண்டுகிறேன் எனக்கு மிக பிடித்த கடவுள் ராமர்,abusive
Kevalam. வீட்டுல பாத்திரம் தேச்சி கூட பொழக்கலாம். இந்த மாதிரி பொழப்புக்கு. இவ தான் செஞ்சது correct nu பேசற. யாரு தான் இந்த உலகத்துல கஷட படல? எல்லாரும் இப்படி தான் ponangala?,abusive
"திவ்யா promola அழுகும் போது, ஒரு ஆளு சிரிச்சான் பாருங்க, இது வரைக்கும் naa இப்படி சிரிச்சதே இல்ல",non-abusive
முதலில் கால்மேல் கால் போடுவதை நிருத்துங்கடி லம்பாடி நாய்களா.,abusive
நீங்க ரொம்ப பாவம் மேடம். Inthaகதையெல்லாம் கேக்க வேண்டியிருக்கு,non-abusive
Tik tok தேவையே இல்லை பிளீஸ் மேடம் உங்க வேலையை எனக்கு குடுங்க டைம் பாஸ் ஆகும் சம்பளம் வருமே,non-abusive
Madam shakila பொது வெளியில யாரையும் அசிங்கப்படுத்தக்கூடாது,non-abusive
இவளை கொண்டுபோய் லட்சத்தீவுல உட்கார வைக்க வேண்டும். சாவுகிராக்கி மூதேவி,abusive
ஏன் டீ ஒன்ன பார்த்த பூழூ கூட கிலம்பாது,abusive
திவ்யாவோடை கார்த்திக்கை சுகந்தி ஆள் வைச்சு கொன்னுட்டாள் ! எதற்கும்துணிஞ்ச சுகந்தி ஏன்இதை செய்யமாட்டாள்? பாவம் இந்த திவ்யா பொண்ணு!,abusive
ஆயிரம் விளக்கு ல வர மாட்டடீ...ரெட் விளக்கு ஏரியால வேனும்ன மூதல் இடம் கிடடைக்கும்,abusive
ஷகிலா ஒரு உளவியல் விஞ்ஞானி.போட்டு போட்டு பதில் வாங்குறாங்க.,non-abusive
யூடியூப் சேனலை முடக்கும் வந்த மாதிரி மூதேவி,non-abusive
போடி லூசு அது உன் குடும்ப பிரச்சனை..... ஏழ்மையிலும் கஷ்டப்படும் குடும்பம் சந்தோஷமா இருக்காங்க.... ஆனா உங்களுக்கு....... ஒஒஒஒஒ,abusive
என்ன ஷகிலா மேடம் கடைசியில உங்களை இப்படி கொண்டு வந்து உட்கார வைத்து விட்டார்களே மேடம்,non-abusive
"இதுலயாவது முடிவு வருமா,,??? இல்ல நாடகம் மாறி தொடரும்மா??? ,,,",non-abusive
இவங்களையெல்லாம் பெட்ரோல் ஊத்திகொல்லனும் நினைக்கிறவங்க ஒரு லைக் போடுங்க,abusive
Behindwood you tube விருந்து வெளியே ‌வந்திட சொல்லுங்க மேடம்,non-abusive
அவள் காமெடி பன்றால் கேனா கு நீ பொண்ண இருக்கறதுனால பேச கூடாதுனு நினைக்குறேன் மூடிட்டு பொ சீமான் அண்ணா சொன்ன மாரி இப்போ உனக்கு வலிக்கோ,abusive
அடக் கடவுலே என்னால சிரிப்பை அடக்க முடியல என்ன கொடுமடா இது,non-abusive
"அதுக்கு என்ன பா, அது பைத்தியம், இது மாதிரி தான் பேசும். நீங்கள் ஓரு டாக்டர் னே அதுக்கு தெரியவே வாய்ப்பு இல்லை. ஏதாவது ஒரு company க்கு பணத்த வாங்கிட்டு கூவி பொழக்கிற ஒரு விச ஜந்து. அவ கிடக்கற, இத்தனை காலம் Experience இருக்கிற எங்களுக்கு தெரியாத. அது போது. உங்கள் final touch super இதுக்கெல்லாம் நமக்கு time இல்ல. Move ahead",non-abusive
இதுபோல் இன்டர்வியூ எடுத்து உங்கள் சேனல் மதிப்பை குறைத்துக் கொள்ளாதீர்கள்,non-abusive
திருப்பூர் பாலத்துக்கு அடியில போனா 50-100 கிடைக்கும் சென்னைக்கு போனா A/C room. 500/-1000/ கிடைக்கும் இவ்வளவு தான் விஷயம் இதுக்கு போய் ஒரு பேட்டி முதலில் உங்கள அடிச்சா சரியா வரும் அவளே ஒரு அயிட்டம் என்று ஒப்புதல் வாக்குமூலம் கொடுக்குறா அதை உட்கார்ந்து வெட்கமில்லாமல் கேள்வி வேற கேட்கிற கே.......கூ,abusive
இது ஒரு மூஞ்சின்னு இவள பேட்டி எடுக்குறான் பாரு அந்த சேனல்காரன் சொல்லனும்.கருமம்டா சாமி,abusive
3000 episode எடுத்தாலும் இது போயிட்டு இருக்கும்...,non-abusive
இவல்லாம் ஒரு ஆளு இந்த நாய விளக்குமாத்தால அடிச்சி விரட்டுங்க,abusive
"பாதி தமிழ் யூடியூப் சேனல்கள் தங்கள் உள்ளடக்கத்திற்காக செயல்படுகின்றன, வனகமுங்கோ ஷீலா மற்றும் பிறர் மட்டுமே நடிக்கிறார்கள்.",non-abusive
உன் மகன்கள் ஆண்பிள்ளைகள் தானே அவனிடம் அந்த ஆபாசத்தை காட்டு.,abusive
"கண்டா வர சொல்லுங்க,  கார்த்திய கையோடு கூட்டி வாருங்க ..",non-abusive
ஆமா இது பொம்பல list லயே இல்லை,non-abusive
சாதனா ஒரு நல்ல நடிகை வாய்ப்பு கிடைத்தால் கண்டிப்பாக ரசிக்கும்படி அவருடைய நடிப்பு இருக்கும் என்பதில் சந்தேகம் இல்லை. இங்கு தவறாக கமென்ட் போடுபவர்கள் எல்லாம் நாட்டுக்கு நல்ல கருத்தை அன்றாட வாழ்வில் விதைபவர்கள் அல்ல... நாம் என்ன நல்லதை இங்கு பரப்புகிரோம் என்று முதலில் நீங்கள் யோசியுங்கள்,non-abusive
ரெண்டு பேரும் இந்த தேச துரோக வழக்கில் கைது பண்ணுங்க சார்...,abusive
அம்மா ஏன் இந்த மாதிரி ஆட்களை வைத்து time waste பண்றிங்க....pls உருப்படியான நபர்களை வைத்து போட்டிகளை தொடருங்கள்.,non-abusive
இந்த பொனத்த பொதைச்சி விடுங்க நல்லதா போகும்,abusive
செருப்பை கழட்டி வாயிலே அடிங்க சானிய கரைச்சு தலைல ஊத்துங்க,abusive
இந்த திவ்யா கெட்ட வார்த்தை பேசுவதை நிறுத்த வேண்டும் கார்த்தி கார்த்தினு பொழம்பி பைத்தியமா ஆகிடுச்சி. சுகந்நி பொய் பேசுவது தெரிகிறது.,abusive
கார்த்தி எங்கப்பா இருக்க கொஞ்சம் வரிங்கலா .....,non-abusive
இதெல்லாம் பார்க்கும்போது என்ன medam இது என்று கேக்க தோணுது,non-abusive
இவலையல்லாம் செருப்பால அடுச்சு விரட்டுங்க மேடம் ஏன் இவலுக்கல்லாம் போய் உங்க எனர்ஜிய வேஸ்ட்டு பன்றீங்க,abusive
காசுக்காக வேசி யார்கூடவேணாலும் படுப்பா அதுபோல்தான் இவளும் பேசவிட்டு வேடிக்கைபாக்குறானே இவபுருஷன் இவள் வித்துட்டான் அதான்,abusive
நீ ஓரு சினிமா நடிகை இங்கு உண் பருப்பு வேகாது எடுக்குற பிச்சை விபச்சாரம் செய்யும் நாய் நீ,abusive
இவங்க நல்லா ஜாலியா இருப்பாங்க. ரூம் ரெடி பண்ணி இருக்காங்க,non-abusive
"அதுக்கு என்ன பா, அது பைத்தியம், இது மாதிரி தான் பேசும். நீங்கள் ஓரு டாக்டர் னே அதுக்கு தெரியவே வாய்ப்பு இல்லை. ஏதாவது ஒரு company க்கு பணத்த வாங்கிட்டு கூவி பொழக்கிற ஒரு விச ஜந்து. அவ கிடக்கற, இத்தனை காலம் Experience இருக்கிற எங்களுக்கு தெரியாத. அது போது. உங்கள் final touch super இதுக்கெல்லாம் நமக்கு time இல்ல. Move ahead",non-abusive
அத்தெதன் நாட்டுல எவ்வளவு பிரட்சனிய இருக்க உண்ணக்கு எடுக்கு அம்மா இந்த வெல,abusive
ஏன்டி இராமகிருஷ்ண உனக்கு வேற எந்த டாபிக் இடக்கலியா.. இந்த தேவிட டிபேட் தேவையா... நீயும் அது போல தான் இருக்கிறாய். ஆதலால் தான் இது போல டிபேட் பன்றிங்களா? வாயா மூடூடி,abusive
முட்டாள் கழுதைங்களா இப்பவாவது தெறிச்சுக்கோங்க இந்த நாய்ங்களுக்கு லைக் போட்டிங்கல்ல உங்க எல்லாருக்கும் நல்லா வாயில வச்சானுங்களா இந்த ponnu தேவடியா நாய்ங்க லட்சம் லட்சமா சம்பாதிக்கிறாங்க like போட்ட நீங்க எத்தனை லட்சம் சம்பாதிச்சீங்க இந்த மாதிரி நாய்ங்க வீடியோவை தயவு செய்து avoid பண்ணுங்க,abusive
அவ வைரமுத்து கூத்தியா கொஞ்சம் அறிவு கம்மி அக்கா,abusive
Divya எதுக்கு சுகன்யா எதிர்க்க என்ன காரணம் பாலா வுக்காக பாலா யாரு மதனுடய தம்பி...mathan யாரு அவரு mari Selva குழந்தை ய தப்ப பேசுனா...mariselva யாரு அவரு என்ன திட்டுநாரு...evlovo பிரச்சனை பிரச்சனை இருக்கு நாட்டுல Laxmi mam Enna ithu....,non-abusive
இத பிடிச்சு பைத்திய காரன் Hospital ல போடுங்க,non-abusive
"செக்ஸ் கல்வி கத்துதரனும்னு சொன்னவ நீதான,,,,,உனக்கு கண்டிப்பா போட்வாங்கமா,, போடுவாங்க",abusive
நீ சொல்றதெல்லாம் ஒரு காரணமா உன்ன பார்த்தாலே கடுப்பா வருது எனக்கு லூசு ஆட்டம் பேசிக்கொண்டு மக்களை லூசு பண்ணிட்டு இருக்க நீ,abusive
ஆத்தாடி இனிமே புள்ளைகளுக்கு கார்த்தியின் பெரிய வைக்க,non-abusive
அம்மா தாயே திவ்யா அந்த வாயில இருக்கர எச்சிய துப்பிட்டு பேசு,abusive
நானும் சில எபிசோட் பாத்து இருக்கேன் லட்சுமி மேடம் கடைசியில் சொல்வது இத எங்களல தீர்க்க முடியாது.... அப்பறம் ஏன் இந்த show,non-abusive
இவலுக ரெண்டு பேரையும் ஆஃப்ரிக்கா நாட்டு பக்கம் கண்ண கட்டி கொண்டு போய் விட்டுருங்க தாங்க முடியல...,non-abusive
இவ பைத்தியமா இல்ல பைத்தியம் மாதிரி நடிக்கராலா,abusive
ஒரு விபசாரிக்கும் ஒரு பைத்தியத்துக்கும் சண்டை அத ஒரு அறிவாளி அம்மா மத்தியஸ்தம் .. அத நம்மள மாதிரி முட்டாள் கூட்டம் உக்காந்து பாக்குது ...நாடு நாசமா போகுது.. இன்னும் எத்தனை பேரு இந்த மாதிரி கிளம்பி குடும்பத்தை சீரழிக்க போறாளுகளோ? தமிழ்நாடு ஆம்பளைங்க எல்லாம் சரக்கு சரக்குக்கு னு தருசா போறாங்க .. தமிழ்நாடு பொம்பளைங்க எல்லாம் இப்பிடி அலையுதுக .. இதெல்லாம் பாத்து மூடிக்கிட்டு போ னு மூளை சொன்னாலும் மனசு கேக்க மாட்டிங்குது,abusive
"ஊருல யாரை வேண்டுனாலும் நம்புங்க ஆனா இந்த tatoo potunu இருக்குறவளுங்கள மட்டும் நம்பாதீங்க நாத்தம் புடிச்ச வாழ்க்கை வாழுறவளுங்க, ஒழுக்கம் இல்லாதவங்கள தான் இருப்பாளுங்க... எதுக்கும் துணிஞ்சவளா இருப்பாளுங்க",non-abusive
இதுக்கு பேரு என்ன தெரியுமா. பண திமிர்.சூத்து கொழுப்பு. போடி,abusive
இது மாதிரி கேவலமான பொண்ணுலம் எதுக்குடா interview எடுகுறீங்க...,non-abusive
மரியாதையா சொல்றேன் நீ பேசுனது நீயே கேளு அவர் சொன்னது உன்னால புரிஞ்சுக்க முடியவில்லை என்றால் தெரிந்தவர்களிடம் கேட்டு தெரிந்து கொள் அதை விட்டுவிட்டு மேதாவி போல் பேச வேண்டாம். உன்னை இன்னும் கெட்ட வார்த்தைகளால் திட்ட தோன்றுகிறது அதற்கு யூட்யூபில் அனுமதி இல்லை அதனால் தான் இதோடு முடிக்கிறேன்,abusive
ஆய் போர டூர் நாளை காலை போடவும் அர்ச்சனா,non-abusive
அப்பறோம் எதுக்கு இந்த காண்டாண்ட் எடுத்து பேசுறீங்க. இது நேர்கொண்ட பார்வை நிகழ்ச்சியை. மக்கள் அன்றாட நிகழ்வுகள் பேசவும். Don&#39;t do un necessary,non-abusive
மேடம் நீங்க பாவம் மேடம் உங்கள பார்த்தா எனக்கு சிரிப்பு சிரிப்பா வருது,non-abusive
கார்த்திக் எங்க இருந்தாலும் வாங்க... உங்களால ரொம்ப அசிங்கமா இருக்கு.. சீக்கிரம் வாங்க.. இனி எந்தக் குழந்தைக்கும் கார்த்திக் பேர் வைக்க மாட்டாங்க. அழிந்துவிட்டது......,non-abusive
இவ்ளோ பிரச்சனை இருக்குன்னு சொல்ரியேமா நீயேம்மா இதுங்கள கூப்டுவச்சு பஞ்சாயத்து பன்ற உனக்கு வெக்கமா இல்லையா லட்சுமி எல்லாமே பப்லிஸிட்டி பைத்தியமா இந்த சேனல் காரணும்.,non-abusive
3 பேருக்கும் அச்சம் மடம் நாணம் பயிர்ப்பு அதிகம்...... ஏதோ மோகம் ஏதோ தாகம் பாடல் நல்லா இருக்கும்,non-abusive
படிப்பு எதுக்கு? ஒண்ணு MBA ஒண்ணு Masters படிச்சி இருக்கு. கொழாய் அடி சண்டை மாதிரி... சீ... சீ... சீ...,non-abusive
அவ பேக்ரவன்டு. மோசமான கேரைக்டர். அது அப்படிதான். பேசும்,abusive
பூமர் ஆண்டி ஆகிறது ஒரு ரகம் பது பூமர் நந்தினி இப்படி பேசி பேசியே பொழப்ப ஓட்டு,abusive
இவளை நியாயப்படுத்திக்க எந்த உச்சத்துக்கும் போவா போல.,abusive
மேடம் இவங்க இரண்டு பேரையும் தூக்கி ஜெயில்ல போடுங்க மேடம். செத்து தொலையட்டும்.டிக்டாக் பைத்தியங்கள்.என்னமோ ஓட்டலில் வடை கேக்குறதுமாதிரி கார்த்தி வேணும்னு கேக்குது அந்த பொண்ணு.வெட்கம் கெட்டது. ஒண்ணு அழுகுது.இன்னொன்னு சிரிக்குது .இனிமே நான் யூடியூப் பக்கம் வரவே மாட்டேன்பா.,non-abusive
50 ஆண்டு திருட்டு திராவிட ஆட்சியின் சாதனை 35 மார்க்ஸ் பட்டதாரிகள் வாழும் விபச்சார மாநிலம்மெட்ராஸ் து த்து த்து,non-abusive
யாரு சாமி அந்த கார்த்தி எனக்கே பாக்கனும் போல இருக்கு,non-abusive
குழந்தை ரொம்பம அழவுது போய் பால்குடுமா ...போ..போ,abusive
"குடிகாரி, விபசாரிகளுக்கு மீடியாவில் முதலிடம். நாசமாக போக வாழ்த்துகள்.",abusive
முதல்ல பெரிய யோக்கிய சிகாமணி மாரி பேசிட்டு இப்போ எப்படி பேச்ச மாத்துரா பொறிக்கி நாயி தூ தூ,abusive
பாவாடை ஊடகத்தில் வேலை செய்யும் ரோஸ்லின் மேடம் என்ன மருந்துப் பொருட்கள் பற்றி படித்து விட்டா கேள்வி கேட்கிறார்கள் ?,abusive
அம்மா திவ்யாவ கழுத்து பிடித்து வெளியே தள்ளுங்க,abusive
யாரு சாமி அந்த கார்த்தி டேய் எங்கடா இருக்க,non-abusive
சுந்தர் C அவர்களே எப்படி வாழ்ககை நடத்துறிங்க இந்த நாய் கூட பாவம் நீங்க,non-abusive
அதுக்காக நீ எவ்ளோ கேக்கற டி .நீ எல்லாம் கல்யாணம் பண்ணதா டி,abusive
லட்சுமி பாட்டுக்கு ஒரு சைடு பேசிட்டு இருக்கு... இவளுக தனியா ஒரு சைடு பேசிட்டு இருக்காளுக...,abusive
பஜாரி வரலாறு பஜாரிதான் ... கூத்தாடிக்கு வரலாறு கூத்தாடிதான்..ஆனால்.. புரட்சியாளனுக்கு வரலாறு தலைவன் டா,abusive
"மேடம் நல்லா கெளப்பிவிடுறீங்க இந்த விஷயத்தில் பலவித்தியாசம் உண்டு.  இதை பாசம்,ஆபாசம் , காதல்  பிரியம் இப்படி பல பேர் சொல்லி அழைக்கலாம். இரண்டு பேருக்கும் 3வருஷம்  ஜெயிலில் போட்டால் சரியா  போகும். கிளரிபேச இதில் என்ன இருக்கு.ஊமை குசும்பி கடைசியில் என்ன சொல்றாங்க பாருங்க.",abusive
லட்சுமி மேம். நீங்கள் இந்த சமுதாயத்திற்கு கிடைத்த பொக்கிஷம்.,non-abusive
"என்ன மதன்,மணிகண்டன் ணு லிஸ்ட் நீண்டுகிட்டே போகுது",non-abusive
Husband illa endal evlo per கூலி வேலைக்கு போய் குழந்தைகள் பாக்கினம்,abusive
யாருலாம் இத ரொம்ப நாளா தேடி தேடி பாத்து வந்திங்க,non-abusive
தேவுக்கும் தேவுக்கும் சண்டை ஊரே வேடிக்கை பார்க்குது,non-abusive
அந்த ரெண்டு அடங்காத தெல்லவாரிமுண்டைங்களையும் வெளக்குமாத்தக்கொண்டு அடிச்சு வெரட்டுங்க மேடம் கழுத கெட்ட கேட்டுக்கு கார்த்தி வேணுமாமா கார்த்தி ்த்தூ மானங்கெட்ட முண்டைகளா,abusive
உலகமே பாக்குற மீடியா ல உக்காந்து இவ்ளோ அசிங்கமா பேசுற இவள தான் முதல்ல தூக்கி ஜெயில்ல போடணும்... கொஞ்சம் கூட வெக்கம் இல்லாம பேசிட்டு.... இவள மாறி கேவலமான ஜென்மங்களால தான் பெண் இனத்துக்கே கேவலம்...கடைசி வரைக்கும் அந்த கார்த்தி எவன்னே தெரிய மாட்டுது.. இவளுக்கு அந்த கடவுளே வந்து சொன்னாலும் திருந்தவும் மாட்டா புரியவும் புரியாது... லைக் பைத்தியம் டிக்டாக் ல என்ன அலம்பல் பண்ணி இருக்கு.. கொஞ்சம் அழகா மட்டும் பொறந்து இருந்தா இன்னும் எவ்ளோ பேர் வாழ்க்கைய நாசம் பண்ணி இருப்பாளோ தெரில... மூஞ்சும் முகரையும் ..கார்த்தி கார்த்தின்னு இதுல அழுகை வேற இவ சோசியல் மீடியால லைக் லைக்ன்னே பைத்தியம் ஆகிட்டா.. லட்சுமி அம்மா சொல்ற மாறி அதான் உண்மை.... நாட்டுல உயிர் போற பிரச்சனை.. அதுவும் இல்லாம எவ்ளோ பேர் தன்னோட வாழ்க்கையில இருக்க பிரச்சினக்கு சரியான நியாயம் தீர்வு கிடைக்காம தவிக்கிறாங்க இந்த மாறி காது கொடுத்து கேக்க முடியாத அளவுக்கு அசிங்கம் புடிச்ச பிரச்சினைக்கு பஞ்சாய்த்து நடக்குறது எல்லாம் கொடுமை.. ஆனா இவளயும் ஒரு பொண்ணுன்னு பெத்ததாங்க பாரு அந்த அம்மாவை நினைச்சா தான்,abusive
"சீனா, அமெரிக்க காரன்கள் social media, இணையதளம் மூலம் மற்ற நாட்டின் கலாச்சாரத்தை கெடுத்து, அழிக்கின்றனர் எல்லையில் துப்பாக்கி தூக்கி நாட்டைகாபாற்றிஎன்ன பிரையோசனம், இங்கே திறந்துகிடக்கிறது,",non-abusive
ஏய் loosu சின்மயி ஒரு comment கூட உனக்கு supportive va இல்லை  உன்னோட range என்னனு தெரிஞ்சிக்கோ .அடக்கி வாசி,abusive
சகிலா எப்போ பத்தினி ஆனால் 2 தேவிடியாளுக பேசறலுக,abusive
மனசாட்சியே இல்லாம பேசுது இந்த பொண்ணு. பசங்க கடன் கட்டுவாங்க இவங்க சந்தோசமா இருப்பாங்களா அவன் கல்யாணம் பண்ண வேணாம் அந்த பொண்ணுக்கு எதும் செய்ய வேணாமா என்ன ஜென்மம் இதெல்லாம்,abusive
14:48 இன்னைக்கு ஒருத்தன பிடிச்சுட்டா இவ காத்து கருப்பு கலையோட தம்பின்னு ஒருத்தன.ரோட்ல வச்சி அசிங்கம் பன்னிட்டு அலையிறா ச்சீ த்தூ நல்ல வேலை கார்த்தி தப்பிச்சுட்டான்,abusive
இந்த பொண்ணுநல கார்த்திக் நு பேரு வட்சுருக எல்லாத்துக்கும் கெட்ட பேரு இந்த பிரச்சினைக்கு ஒரு முடிவு இல்லையா ஒன்னு அவனை போட்டு தள்ளனும் இல்லை இவள கொல்லனும்,non-abusive
"அனைவரும் மெரினா வரவும்️️️ நீதி வேண்டும் நீதி வேண்டும் இந்த பிரச்சனைக்கு நீதி வேண்டும், மத்திய அரசே மாநில அரசே இந்த பிரச்சனைக்கு நீதி குடுங்க, அலைகடல் லென வாரீர்,",non-abusive
அய்யோ சுகந்திட நம்பர தாங்களேன்டா செம்ம நாட்டு கட்டையா இருக்கு,abusive
இவ பெரிய ஆளா. முதலில் இவ பொம்பளயா,abusive
உன்னை போட்டோ எடுத்து கக்கூஸ் ல தான் மாட்டி வைக்கணும்,abusive
என்ன புரியவில்லை இதுக்கு ஒரு முடிவே இல்லை யா? பத்தியமே பிடிக்குது,non-abusive
"ஏம்மா ஆஙகர் அம்மா.. இவங்க அப்பன் மிக பெரிய காமெடி ஆர்டிஸ்ட் ஹ ??? எந்த படத்துல அவன் காமெடி பண்ணி நீ பார்த்து இருக்க??? உனக்கெல்லாம் கொஞ்சம் கூட மனசாட்சி இல்லையா?? நான் விவாகரத்தான பொண்ணு. அத சொல்றதுக்கு எனக்கு எந்த வெக்கமும் இல்ல...... அட சங்கி நாய உனக்குத்தான் வெக்கம், மானம் , சூடு ,சொரணை எதுவுமே இல்லை... அது எங்களுக்கு தெரியும்...",abusive
ஜீ எப்படி இப்படி எல்லாம் காமெடி பண்ணுறீங்க,non-abusive
ரஜினி வாயில வச்சத பாத்துதான் - விஜய் வாய்ல வெக்கிறார்.ரஜினி வாய்ல வெச்சப்ப ஊம்பிக்கிட்டு இருந்தியா,abusive
10000 சம்பாரிக்க வக்கில்லாத நாய்க்கு 50 லட்சமாம்.  காலேஜ் படிச்ச பெண்கள் வேலைக்கு போகலைனா தூக்கி ஜெயில்ல போடனும். தெண்டக்கருமங்க,abusive
நாங்களும் அதான் சொல்றம் நாட்டு ல எவ்ளோ பிரச்சனை இருக்கு வெக்கமே இல்லாம இதுங்கள வச்சி பஞ்சாயத்து பண்ணிகுட்டு இருக்க உனக்கு அறிவு இல்ல,non-abusive
குஷ்பு உன் தாமரபூவை விரித்து பிடி தமிழ் நாட்டில் உள்ள சிலருக்கு அதில குத்தணுமாம்...,abusive
அட தேவிடியா பசங்களா எண்ண மயிருக்கு இவள கூப்டு பேசிட்டு இருக்க அவ எல்லா உண்மைநு தியாகி மாதிரி பேசுறா உன் சேனல் மூடிட்டு போய்டு,abusive
ஏண்டி திவ்யா லூசு nee தா பைத்தியம் na எங்க எல்லாரையும் பைத்தியம் akkatha டி அசிங்கமா kettuda poren.,abusive
ஊர்ல ஏகப்பட்ட பிரச்சினை இது ஒரு பிரச்சினைனு கண்டெண்ட் ரெடி பன்னி டெலிகாஸ்ட் பன்றீங்களே மேடம்...,non-abusive
குழந்தை யில் ஜட்டி யுடன் ஆடின  இப்ப ஜட்டி இல்லாமல் அடிகிட்டு இருக்கா,abusive
அடி போங்கடி பொறம்போக்கு நாயிங்களா போய் செத்து தொலைங்க டி பொறம்போக்கு மூதேவிங்களா வந்துட்டிங்க தூக்கிகிட்டு,abusive
நல்ல வேளை நான் tik tok குள்ள போகல தப்பித்தோம்,non-abusive
அடுத்த episode ல கார்த்திக ரெடி பன்னிருவாங்க செம்ம content இருக்கு போங்க.,non-abusive
நல்ல பேசி வச்சுட்டு வந்துருக்காங்க.... ஒருத்தர் சொல்ல மறந்தா இன்னொருவர் எடுத்து தராங்க...  கேவலமான குடும்பம்.... ஒரே நேரத்தில் ரெண்டு பேருடன் நீ இல்லாம வாழ முடியாதுனு சொல்லி ஏமாத்திட்டா....  சம்யுக்தா இந்த ஜென்மத்தின் கேவலமான பிறவி...,abusive
யாரெல்லாம் இது உண்மையான கல்யாணம் என்று நினைச்சீங்க. இதனால் வரைக்கும் இது உண்மை என்று முட்டாள் ஆட்டம் நம்பிக்கிட்டு இருந்தேன். யாரெல்லாம் இது உண்மை என்று நன்பினிற்கள்,non-abusive
ரிசு எதாவது வேணுமா. அப்படியே கீழ்ப்பாக்கத்தில இறக்கிவிடுங்க,non-abusive
இந்த கண்டாரோலி லாம் பேசாம கருணைக்கொலை செஞ்சிடுங்க டா டேய்... இவ ஊர் ஊரா போயி தாலிகட்ட முத்தம் குடுக்க ன்னு அலைவாளாம்...இவளுக்கு லட்சுமி ஷகிலா ன்னு சப்போர்ட் புழுத்தி வேற.. உலகத்துல எல்லா கார்த்தியும் ஒன்னா சேர்ந்து ஒங்க பூல எடுத்து இவ பொச்சுல சொருகுங்க டா .. அப்பனா அடங்குறாளா ன்னு பாப்போம்...,abusive
"கண்டா வரசொல்லுங்க ,  கார்த்திய கையோட கூட்டி வாருங்க .",non-abusive
"முதல்ல உங்களுக்கெல்லாம் வெட்க்கமே கிடையாதாடி. நைட்டு அத புடிச்சான், கீழ தடவினான், உள்ள விட்டான்னு, வாய் கூசாம இப்படி மீடியால வந்து சொல்றீங்க. இதுதான் உங்களுக்கெல்லாம் இப்போ டிரெண்டிங்கா ?  மீடியாகாரன் உங்களை மாதிரி ஆளுங்கள வச்சு நல்லா சம்பாதிக்கிறான். நீங்க அவன் குடுக்குற ஆயிரத்து ஐந்நூறு ஓவாக்காக உன் குடும்பத்து மானத்த புல்லா பறக்கவிடுங்க",abusive
Dai கார்த்திக் எங்கடா இருக்க உன்ன பாக்கணும் போல இருக்க ?,non-abusive
இவளே மறுபடியும் ஜெயிலில் பிடிச்சு போடணும்.நல்லா கேள்வி கேட்டிங்க,abusive
"நாட்ல எவளோ பிரச்னை இருக்குனு நீங்களே சொல்றிங்க, அப்றம் என்ன மயிருக்கு இந்த show பண்றீங்க.... சொல்லுங்க நடுவரே",non-abusive
இவ வாழ்க்கையில் விளம்பரத்துக்கும் பணத்திற்கும் என்ன வேணுனாலும் என்ன பொய்யும் பேசுவா ...,abusive
அட லூசுகளா இரண்டு பேரும் என்ன கருமத்தை காதல் என்றீங்க? உங்கள போல ஊருக்கு இரண்டு பேர் போதும் விளங்கினமாதிரிதான்..,abusive
இது போண்ற நிகழ்ச்சி வராமலிருந்தால் எத்தனையோ பிரச்சனை மூடி மறைக்கபட்டிருக்கும்.தெறிந்தது கையளவு தெறியாதது உலகளவு,non-abusive
நீங்க தனியாக போசிட்டு இருக்கைங்கா அந்த சக்கடையை இரண்டு போர்ரும் சண்டை போடூதுகோ,abusive
என்னது…..MSC microbiology யா?????அதுவா இப்படி எல்லாம் பண்ண சொல்லுது,non-abusive
தமிழ முதல்ல நல்லா படிச்சிட்டு வந்து பேசு பண்ணீ.,non-abusive
அடேய் க*******லி கார்ய்தி எங்க டா இருக்க...,non-abusive
...மூதேவி யை நாக்கை புடுங்கிக்கற மாதிரி போட்டு தாக்கிட்டீங்க.... மக்கள் இனிமே நிம்மதியா தூங்குவோம்... ஆபாசம் இந்த பொம்பள...தூ நன்றி,abusive
நாட்டாமை அப்படியே திருச்சி சாதனா ரவுடி பேபி சூர்யா கூட்டிட்டு வந்து ஒரு நல்ல தீர்ப்பு சொல்லுங்க,non-abusive
தமிழ் நாடே கோரானாவ கண்டு அஞ்சி பயந்துநடுங்கி போய் இருக்கு ஆனா இந்த தொடப்பகட்டைக்கு பேட்டியா என்னா உலகமோ,non-abusive
உலகபுகழ் பெற்ற GP muthu இங்கு வந்து விவாதம் செய்யுமாறு தாழ்மையுடன் கேட்டு கொள்கிறேன்,non-abusive
டேய் கேனக்கூ......  இவலாம் ஒரு ஆளுன்னு... இப்படி நியுஸ் வரை போட்டு பெரிய ஆள் ஆக்கரீங்க... உன் channel name கெடுத்துக்காதே.... அவ மூண்சியும் மோகரமயும்..,abusive
33.30 இல் திவ்யா அழுவுறது சைக்கோ தனமா இருக்கு,abusive
சாப்பிடும்போது யாரும் பாக்காதிங்க இந்த வீடியோ.... ... யாரோட உருவத்தையும் கேலி பண்ண கூடாது னு நினைச்சேன்...இந்த கருமத்த பண்ணலாம் தப்பில்ல..,non-abusive
பெரிய நாட்டாமை தே...... இவ 2ஐடம்களயும் வைத்து நாட்டாமை பண்றா,abusive
கார்த்தி நீ கடல் கடந்து ஓடி தப்பிரு இதுக்குட்ட மாட்டிராத,non-abusive
இவல கல்யாணம் பண்ணுறதுக்கு கார்த்திக் பேசாம செத்து போயிடலாம்... கட்டினான்... அவ்ளோ தான்.. அவன் சோழி முடிஞ்சிது...,abusive
ச்சே செருப்பால அடிச்ச மாதிரி இருக்கு நம்ம சும்மா கூட பார்க்க கூடாது போல..,abusive
பைத்தியம் முற்றிவிட்டது.இதற்கெல்லாம் ஏன் முக்கியம் தருகிறீர்கள்? இவள் உண்மை நிலை mental Hospital கு அனுப்பனும்,abusive
அவதான் ஒத்துகிட்டா நான் ஒரு தேவிடியா னு அப்புறம் என்னடா அவள போட்டு சாக அடிக்கிறீங்க அவளை விடவும் பெரிய மானங்கெட்ட ஆள் பத்திரிக்கை நீங்க தாண்டா,abusive
சோசியல் மீடியாவை நன்மைக்காக மட்டுமே பயன்படுத்தினோம்ஆனா சில பேர் இத ரொம்பவும் தப்பான விஷயத்துக்காக யூஸ் பண்றாங்க அதில் ஒன்றுதான் இந்த பொண்ணு பாதிக்கப்பட்டு இருக்கு நல்ல ஃபேமிலி ல இருக்கிற யாருமே பெண்களை பத்தி தப்பா பேச மாட்டாங்க,non-abusive
"கீழ்பாக்கத்தில ரெண்டு பேரை காணோம்னு சொன்னாங்க மேம், அலெர்ட் ஆ இருங்க...",non-abusive
37.41 ஏம்மா என்னய ஆள விடுங்க. நான் இந்த நாடகத்தை விட்டு வெளியே போறேன்,non-abusive
கார்த்தினு பெயரை இப்பொழுது மாற்ற வேண்டுமா கவலை வேண்டாம் இலவசமாக பெயர் மாற்றி தர படும்,non-abusive
"@thirusutha6994 கலாச்சாரம் தான் பெண்களை இப்படி முடக்கி வைத்திருக்கிறது. உங்களைப் போல் சில பேர் தான், ஒரு ஆண் பெண்ணிற்காக பேசினாலும் அந்த ஆண்னை தவறு சொல்பவர்களாக இருக்கிறீர்கள். ஏனெனில் அவர்கள் நல்லவர்களாக தெரிய ஆரம்பித்தால் நீங்கள் எல்லாம் தவறானதாக தெரிவீர்கள். எந்த மனிதனும் கட்டுப்பாடு இல்லாமல் வாழ தான் ஆசைப்படுகிறார்கள். இங்கு யாரும் யாருக்கும் அடிமை இல்லை. மனிதனை விலங்கோடு ஒப்பிடாதீர்கள். மனிதர்கள் வேறு விலங்குகள் வேறு.",non-abusive
@gayatrimithila8820 சரி சாக்கடை அல்ல கரண்டு கம்பம் ஏற ராணுவத்தில் துப்பாக்கி புடிக்க பனை ஏற லோடு தூக்க வாங்க சம உரிமை தரோம். எத்தனை சம உரிமை பெண்ணியம் பேசும் பெண்கள் தயார்,abusive
கலாட்டா இவ்வளவு தரம் தாழ்ந்து போகும் என்று நினைக்கவே இல்லை இவள் எல்லாம் ஒரு ஆளு இவளுக்கு இன்டர்வியூ ஒரு கேடு,abusive
இவங்க இரண்டு பேர் நாளையும் பெண்களுக்கே கேட்ட பெயர்,non-abusive
திவ்யாவோட மனசு வேறு யாரும் துன்புறுத்தவில்லை ப்ரோக்ராம் என்ற பெயரில் நீங்கதான் அவளுடைய மனதை மிகவும் அதிகமாக துன்புறுத்துகிறார்கள்,non-abusive
அந்த பொண்ணு பண்ணது இருக்கட்டும் சகிலா மேடம் நீங்க பழசை நினைச்சிபாருங்க நீங்க பண்ணாத வேலைய அந்த பொண்ணு பண்ணிடுச்சி,abusive
அவனே இவனே ராஜு உன்ன செருப்பால அடிப்பேன் டா....,abusive
வனிதா விஜயகுமார் கிட்ட இந்த குந்தாணிய விடுங்க.அது தான் இவளுக்கு சரியான ஆள்.கண்ணத்துல நாலு சாத்து சாத்தி இவள வழிக்கு கொண்டு வரும்.,abusive
ஆமா இவ யாருன்னு இவகிட்ட இந்த பேட்டி ஈ சொரி தூ,abusive
கார்த்திய கண்டுபிடிச்சி தரவங்களுக்கு லைப்ஃ டைம் செட்டுல்மன்ட் டா,non-abusive
இததெல்லாம் ஒரு பிரச்னை விடுங்க மேடம் இவங்களுக்கு வேனும் சும்ம இருந்த ஏன் மேடம் சுமதி நல்லம் இல்ல பாவம் திவ்யா,non-abusive
சகிலா மேடம் அவளை நாக்கு பிடுகரமாதுரி நல்லா கேளுங்க மேடம்,abusive
மேடம் இந்த பொண்ணு பொய் சொல்லுது மேடம் தலை வலிக்குது மேடம் மேடம் அந்த புள்ள என்ன பண்ணனும் கேளுங்க மேடம்,abusive
கார்த்தி எங்க இருந்தாலும் மேடைக்கு வரவும் அப்போ கார்த்தி ஒரு BOT ah,non-abusive
ஆக மொத்தம் கண்டார ஒலி கார்த்திக் மவனே,non-abusive
"திவ்யாவின் பேச்சையும், செயலையும் பார்த்த பின்பு, நிறையப் பேர் சுகந்தி பக்கம் சாய ஆரம்பித்து விட்டனர்.",non-abusive
சுகந்தி பார்வையே சரி இல்லையே...சுகந்தி தான் பொய் சொல்றமாதிரி தெரியுது.. ஆனா திவ்யா innocent person...,non-abusive
நல்ல சம்பாதிக்கும் பெண்ணை திருமணம் செய்து தர மாட்டார்கள் பையனிடம் சொத்து வீடு கார் பாங்க் பேலன்ஸ் என்று கேட்பார்கள். பெண்ணின் அப்பன் இந்த அளவு காசும் இருக்காது பொருந்தாத கண்டிஷன் போடுவார்கள் காரணம் வயசான பின் பெற்றோர்களுக்கு உழைக்க முடியாது பெண்ணின் சம்பளம் தேவை. இந்த பெண்ணும் நல்ல சம்பாதித்து வந்து இருக்கிறாள் பெற்றோர் விருப்பம் இல்லாமல் திருமணம் செய்து இருக்கிறாள் லேசான பிரச்சனை வந்த உடன் நல்ல சந்தர்ப்பம் என்று அப்பன் இழுத்து கொண்டு வந்துவிட்டான். இப்போதும் 35 வயது மேலே நிறைய பெண்கள் திருமணம் செய்யாமல் இருக்கிறார்கள் காரணம் இது தான். எவனாவது சப்போர்ட் ஆக பேசினால் போதும் உடனே இந்த வகை பெண்கள் அவனிடம் ஏமாந்து விடுவார்கள்.,abusive
இந்த தேவி டியர இன்டெர்வியூ பண்ணி நீ ஒரு தேவி டியார்னு நிரூபிச்சிட்ட கலாட்டா,abusive
"இவ அரசியல்..படுக்குற அரசியல்'எல்லாத்துக்கும் முந்தானை விரித்து... அதன் மூலம் சுகமும்,பணமும் பெற்று அரசியல் செய்பவள்",abusive
கார்த்திக் தான் இல்லேன்னா செத்துடுவேன் செத்துடுவேன் என்ற இப்ப வரைக்கும் அவன் தான் வரலையே செத்துப் போய் தொலைஞ்சு,non-abusive
உண்மை நீ விளம்பர கிருக்கி நாசமா போயிருவே,abusive
திவ்யா ரொம்ப விவாசரி laxmi மேம் இந்த விஷயத்தில் தவரான thervu கொடுக்காதீர்கள் திவ்யா nallava ella,non-abusive
19:52 எனக்குத்தான் அப்படி கேட்குதா இல்ல உங்களுக்கும் அப்படி கேட்குதா,non-abusive
என்னடா கடைசில லட்சுமி மேடமா மெட்டல் ஆக்கிடாங்க,non-abusive
"நானும் கேட்கிறேன், நாட்ல எவ்வளோ பிரச்சனை இருக்கு.. இது ஒரு பிரச்சனனு, எதுக்கு பேசணும்..",non-abusive
ஊர்ல இருக்க எல்லாம் பைத்தியம் மும் youtube ல தான் இருக்குங்க...,non-abusive
அடியேய் அயிட்ட புண்ட   புண்டய மூடுடி அயிட்ட புண்ட தேவடியா கண்டாரோலி  உன்னால ஒரு அப்பாவி பையன் வாழ்க்கை தான் நாசமா போச்சுடி. பெரிய பத்தினி மாதிரி சீன் போடுற   உன் வண்டவாளம் எல்லாம் தண்டவாளத்துல ஏறி ரொம்ப நாள் ஆச்சுடி அயிட்ட புண்ட,abusive
கண்டாரைஓழி போடி கண்டவனை ஓக்குற தேவிடியா குந்தாணி,abusive
ஷகிலா அம்மா தயவு செய்து இவ ஒரு பைத்தியம் அம்மா நீங்க டென்ஷன் அகிட போரிங்க,abusive
ஷகிலா நீயும் ஒரு பொம்பளை தூ . உன்னை இந்த அளவுக்கு வெளிச்சம்.போட்டு விட்டது விஜய் டிவி செருப்பிலயே அடிக்கணும்.,abusive
ஏய் சோத்து மூட்ட....அடுத்தவ சொந்த விஷயத்துல நீ ஏன்டி மூக்க நொழக்கிற...,abusive
சினிமா பார்த்து கெட்ட முட்டாள்கள் பெண் பிள்ளையா.,abusive
Social media மட்டுமே மோடி RSS BJPயின் உண்மை முகத்தை வெளிக் காட்டுகிறது,non-abusive
கிட்னிலாம் இல்ல. கொஞ்சம் சட்னி வேனா கிடைக்கும் நக்கிட்டு போவேண்டியத்தான். குச்சிபூ,abusive
அய்யய்ய ஏன் ? சகிலா மம்மி வேற லெவல்,non-abusive
இப்படி விளையாட்டுக்கு தாலி கட்டுவியா அவ்வளவு சாதாரணம் ஆகிடிச்சி அப்புறம் எப்படி அந்த அண்ணா வருவாரு ஆனால் உங்களை பார்த்தால் பாவமாக இருக்கிறது திவ்யா அக்கா அச்சச்சோ என்ன இது 18.24,abusive
நிலா சேலையை கட்டி இருக்க கூடாது உனக்கு அது எதுக்கு அதை கட்டபோய் தானே கண்ட பயலுக்கு படி தாண்டா பத்தினி என்பதை நிரூபித்து விட்டாய் பூ குஷ்பூ வலுக்க,abusive
எதுக்கு இந்த பைத்தியத்துக்கு 2 episodes? பெரிய விஷயம் : நீங்கள் பைத்தியம் ஆகல...,abusive
கடல்நீரும் உப்பு தான் கண்ணீரும் உப்பு தான் பெண்ணா நம்புறதே தப்பு தான் இந்த காலத்தில் சில பெண்கள் எல்லாம் இப்படி தான் இருக்காக மக்களே .......... யார் எல்லாம் ஆம் சொல்றீங்க,abusive
இவர்களுக்கென்று தனியாக ஒரு காவல் நிலையம் அமைக்க வேண்டும்,non-abusive
வாவ் சூப்பர் தூக்கி போட்டு மிதிக்க கூட்டங்களே அதே பெரிய விஷயம்,abusive
நீங்க அந்த போட்ட கூதிய அவர் னு சொல்லாதீங்க,abusive
இந்த எழவுக்கு தான் நா டிக் டாக் யூஸ் பண்ணல,non-abusive
இந்த நாய்க்கு புருசனா வர பாலவிநாயகம் போன பிறவியில் என்ன பாவம் செய்தானோ ?,abusive
கார்த்தியால வந்த பிரச்சினை.... கார்த்தி எங்க இருந்தாலும் வந்துருப்பா,non-abusive
ஆனா இவளுங்காக ஒட்டுமொத்த police department ம் cyber crime ம் வேலை பாத்துருக்காங்க பாத்திங்ளா...,non-abusive
En டா ivanuga ஆளு p.... Nu பேட்டி p....,non-abusive
கள்ளன் னு ஒரு ஜாதி தலைவர் இருந்த இந்த பொம்பளைய எதாவது பண்ணுங்க,abusive
இவளுங்கலாம் ஒரு ஆளுன்னு உக்கார வச்சி பேசிகிட்டு இருக்கீங்க,abusive
தற்போதய காலகட்டத்தில்  நம்நாட்டில் பட்டினியால் மடிந்துபோகிர மக்கள் ஏராளம்  நாம ஒரு ரூபாய் குடுத்து உதவலாம்,non-abusive
இவளுக்கு மனசாட்சினு ஒன்னு இருக்கா இல்லையானு தெறியல,abusive
சுகந்தி பார்க்க நல்ல விதமாக அறிவான பெண்ணாக இருக்கிறார்,non-abusive
வீட்டு கதவ திறந்தாலே லவ் லெட்டரா கெடக்குமாம்...,non-abusive
"ஹலோ உலகத்தில் எத்தனையோ சாதனை யாளர் இருக்காங்க அவங்கள போய் இன்டர்வியூ எடுக்க வேண்டியது தானே...,.நல்லவங்கள இன்டர்வியூ எடுத்தா உங்களுக்கு புண்ணியம் கிடைக்கும்....,",non-abusive
ஊர்ல உள்ள ஐட்டங்களையெல்லாம் கூட்டி வந்து இப்படி galatta பண்றியே... உன் சேனல் தராதரம் இவ்வளவுதான்...,abusive
இந்த மாதிரி பைத்தியம் கூட யார் பேசுவா சொல்லுங்க நண்பர்களே இதெல்லாம் ஒரு மானங்கெட்ட பொழப்பு இது,abusive
"டிக் டாக் பேன் பண்ணின மோடிக்கு சலூட்,,",non-abusive
டேய் இவளோட விடியோ பாக்குற யார்ரா நீங்க எல்லாம்..... இவ்வளவு அவ்வளவு views nu சொல்றா....யார்ரா பாக்குறீங்க இவ போடுற விடியோ வ....,non-abusive
"இவ பெரிய ஆளு, பேட்டி எடுத்து போடுங்க, புதிய தலை முறைக்கு உதவிய இருக்கும்",abusive
இவளுடைய videos பார்த்தால் பைத்தியம் பிடிக்கும் போலும்.,abusive
கார்த்திக் கார்த்திக் ........யாரப்பா அந்த கார்த்திக் .......... எங்க உயிர் போகுது........,non-abusive
அடி நாயே புதுசா கல்யாணம் ஆனா எல்லாரும் இதைத்தாண்டி பண்ணுவாங்க ஏண்டி ஓவரா சீன் போடுற புதுசா கல்யாணம் ஆன எல்லா ஆண்களும் இப்படித்தான் இருப்பாங்க நீ ஒரு பித்தலாட்டம் புடிச்ச தேவிடியா என்பது ஊருக்கே தெரியும் அப்புறம் எதுக்குடி நீ சீன் போடுற அம்மா ஆம்பளை பசங்களை எப்படி சொன்னா அப்படியே அடிக்கலாம் எப்படி அவர்களை அவமானப்படுத்தி வசியப்படுத்தலாம் நம்மள நல்லவங்களா காட்டுக்குளம் அப்படி என்றதுக்காக எல்லா பொண்ணுங்களும் பேசுற கேவலமான வார்த்தை தாண்டி இந்த செக்ஸுவல் டார்ச்சல் ஏன் பொண்ணுங்க நீங்கள்லாம் பண்றதில்லை செக்ஸுவல் டார்ச்சல் ஏண்டி சாவடிக்கிற பேசாம நீயும் அப்பா உங்க அம்மா எல்லாம் தூக்குல தொங்க சனியனே வெட்கங் கெட்ட நாயே உனக்கெல்லாம் எதுக்கு டி மீடியா தேவிடியா,abusive
ஒரூ வேளை சிவகுமார் பையன் கார்த்தி சொல்றாங்க,non-abusive
எம்மா உலக நாயகி நீ சொன்ன த நாங்க எல்லாரும் நம்பிட்டோம் போதும் உன் உரூட்டு,abusive
குசு பத்தினி போல் நடிக்கிறார் அவரை மருத்துவ பரிசோதனை செய்து,abusive
கன்டால்+ஒளி=கன்டாரஓளி........ Ena kodumai sir ithu neenga nadathunga,abusive
அடேய் highlight ah பாத்தீங்கலா... நீ பேசாம இது திவ்யா நா சிரிச்சிரபோர..,non-abusive
செத்தாண்டா அந்த கார்த்தி அவனோட நண்பன் பாஸ்கர்,non-abusive
"பீஸ் கட்டலயா, இல்ல arriyars ஹா மா",non-abusive
இதுல beauty என்னானு தெரியுமா ரெண்டும பைத்தியம்,non-abusive
"அட விடுங்க மருத்துவரே, சின்மயி ஒரு ஆளே இல்லை, அவள் ஒரு விலைமாது",abusive
"ஆரஞ்சு மிட்டாய், வசந்த் இவங்க எல்லா எங்க இப்போ. அவங்களுக்கு கிடைக்கவேண்டியது கிடைச்சாச்சு. இதெல்லாம் ஒரு பொழப்பு. ப்ராக்குன்னு கன்டென்ட் எப்போ வந்திச்சோ, அப்பவே reality போயிடிச்சு உலகத்தில.",non-abusive
மேடம்..அந்த மூதேவிய அடிச்சு விரட்டுங்க மேடம்..அவள் ஒரு ஆளூனு அவகிட்ட நீங்க ஏன் மேடம் பேசுரிங்க.. அவள் பெண்னே இனத்துக்கு கேவலம் மேடம்..,abusive
Un மூஞ்சி கு எவனும் வர மாட்டேன் போ..,abusive
"உன்னைய பெத்துட்டு அந்த அம்மா படுற பாடு....பாவம் அவங்க நிலைமை.,போடி",abusive
சேச்சி இவ எல்லாம் ஒரு ஆழா? உங்களுக்கு வேற வேலை இல்லையா?,abusive
"நளினம் மே இல்லையே டி??? அது டப்பா குத்து விட மோசமா இருக்காது... ஏண்டி உங்க சனாதன... Unga book எல்லாமே,5 sum பாஞ்சாலி, கிருஷ்ணன் play boy, fulla ஓலு கதையா இருக்கு....",non-abusive
ரெண்டு பேரும் பத்தினி மாதிரி பேசுராலுக ..,abusive
என்னடா நடக்குது இங்க கடவுளே என்னால இனி வாழ ஏலாது எப்படியாவது உன்னோடு என்ன எடுத்துரு,non-abusive
இவலுங்க வயச மறைக்கா சின்ன வயசுலயே கல்யானம்னு பரிய பொய்யா சொல்லுராலுங்களே மக்களே,abusive
அந்த கார்த்தி ah பத்தி பேசுவிங்க னு உள்ள வந்தா வல வல கொல கொல னு பேசிட்டு இருக்கிங்க...,non-abusive
இதனாலே மக்களே இனிமேல் உங்கள் பிள்ளைக்கு கார்த்தி என்கிற பெயரை வைக்காதீங்க பிளீஸ்.,non-abusive
பேப்பர் ஐடி எழுதி எழுதி போடுறாங்க வாய்ஸ் ரெக்கார்ட்ட எடுத்துட்டோம் வீடியோ ஆதாரம் சிக்கிடிச்சி  ஐடிய தூக்கிட்டாங்க அட ஆண்டவா இந்த பைத்தியங்க எல்லாம் தனியா ஒரு உலகத்திலயே வாழ்ந்துட்டு இருக்குதுங்களே,non-abusive
"திவ்யா மாதிரி ஜென்மங்கள பாக்கும் போது தான் நாம எவ்வளவு சுயமரியாதையா வாழ்றம் , எவ்வளவு மரியாதையா வாழ்றம்னு தெரியுது , இந்த மாதிரி ஜென்மங்கல நல்லா கேலுங்க மேடம்.",non-abusive
"ஷகீலா நம்பர்1 தேவிடியா, சாதனா நம்பர்2 தேவிடியா இரண்டுமே பணத்துக்கு ஆசைப்பட்டு எல்லாமே பண்ணிட்டு இப்போ பத்தினி மாதிரி நடிக்கிறாள்வ இதில் கண்ணீர் புண்டை வேற வடிப்பால்வ...",abusive
இவ பஸ் ஓட்ட வரவில்லை. விளம்பரம் தேடவே பஸ் ஓட்ட வந்திருக்கா.நீ கெளம்புமா காத்து வரட்டும்.,abusive
30 lakhs views and 9k comments அட பாவிங்களா அவன் அவன் யூட்பேல என்ன என்னமோ கஷ்டப்பட்டு எடுத்து வீடியோ போட்ட 1k views தண்டல இதுங்க சண்டைய வீடியோ வ போட்டு நீங்க நல்ல சம்பாரிகுரிங்கட behindwoods,non-abusive
ஆயிரம் தான் இருந்தாலும்... சுகந்தி செம்ம........கட்ட தான்...... மொரட்டு உடம்புகாரி.....ம்ம்,abusive
Medam அந்த பெண்ணுக்கு கவின்சிலின் கொடுக்கணும் அந்த பெண்ணின் மனசுல தான் ஒரு ஆண் என்று நினைக்கிறாங்க,abusive
பாவம்ங்கல் இதில் இருந்து மீண்டு வர வேண்டும் .,non-abusive
"பொன்னும், பொண்ணு கல்யாணம் பண்ணிக்கிட்டா ஆம்பளை இன்னா டி பண்றது.",abusive
வேகமா இல்லை யா இந்தமாதிரி பொய் சொல்லுற நீ பொண்ணு இல்லா,abusive
அடங்கப்பா தாங்க முடியலடா சாமி covid virus பஸ்டு ரெண்டு பேருக்கு தான் வரும்,non-abusive
யாரு யா அந்த கார்த்தி எனக்கே பாக்கனும் போல இருக்கு,non-abusive
30:55 லச்சுமி என்ன மயிருக்கு நீ இந்த வேசிகளை கூட்டி வைத்து கூத்தடிக்கின்றாய்.,abusive
எல்லாரோட கமெண்ட்ஸும் வேற லெவல்ல இருக்கு!! haha!!,non-abusive
அட கருமாந்திரம்......புடிச்ச நாயிங்களே.....சோத்த தான் திங்கிறிங்களா நீங்கள்.... இதெல்லாம் ஒரு பஞ்சாயத்தாடி மூதேவிங்களே...,abusive
அந்த சுகந்தியும் நல்லவ கெடையாது... இவளும் நம்மள கிறுக்காக்காம விட மாட்ட....,abusive
உலகமே எதிர் பார்த்த கார்த்திக் வந்து விட்டார் ... Apdinu epo promo poda poringa,non-abusive
மேடம் ரெண்டு பேரையும் முதல்ல விரட்டி விடுங்க,non-abusive
கார்த்தியை கண்டுபிடித்து கொடுப்பவர்களுக்கு தக்க சன்மானம் வழங்கப்படும் இப்படிக்கு திவ்யா,non-abusive
இவ்லோ தைரியமா பேசுர மேம் சரவு பேபினு வந்தவல விட்டு வச்சுட்டங்கலே,abusive
எதை எதை அரசியலாக்குவது என விவஸ்தையே இல்லாம போச்சு இந்த கேடுகெட்ட மீடியாக்களுக்கு.,non-abusive
மேடம் நிங்க தப்ப நினைக்கத்திங்க என்னால சிரிப்பை அடக்க முடியவில்லை,non-abusive
இத எப்படி மா பொருத்து உட்கார்ந்து இருக்கீங்க,non-abusive
மேடம் நீங்க இந்த மாதிரி இண்டர்வியூ அட்டன் பன்னாதைங்க.இதுங்க எல்லாம்த்தையும் ஏமாத்துதுங்க .நீங்க இந்த திவ்யாவை வச்சி செமையா செஞ்சிட்டைங்க.ஆனாலும் இது திருந்தாது.,abusive
குஷ்புவை அடக்க சுந்தர் சி நினைத்தால் அவரது கணவர் எனும பதவி பறிக்கப்படும்.,abusive
கார்த்திக் என்ற பெயர் 2021 ஆம் ஆண்டிலிருந்து தடை செய்யப்படுகிறது,non-abusive
லூசுகளை பேட்டி எடுத்து பைத்தியம் பிடிக்கபோவது.வந்தது பெரிய பைத்தியம்.,abusive
யாருயா இந்த கார்த்தி எனக்கே பாக்கனும் போல இருக்கு,non-abusive
இந்த நாய செருப்பால அடிக்கணும். பரதேசி முண்டம்.,abusive
சர்வதேச அரசியலில் மக்கள் தொகையை குறைக்க திருமணம் எனும் பந்தம் உடைத்து அண் பெண் ஒழுக்கம் கெடுத்து குடும்பம் எனும் கட்டமைப்பு உடைப்பதே உலகை மறைமுகமா ஆளும் வல்லாதிக்க சக்திகளின் சதித்திட்டம். விஜய்டிவி போல் உள்ள அனைத்து புரோக்கர் ஊடகங்கலும் அதற்கு துணைப்போகும். அடுத்த தலைமுறை மனதில் விஷத்தை விதைக்கும். ஜாக்கிரதை. அடுத்து lgbt. ஓரின சேர்க்கை க்கு சொம்பு தூக்கும் இதே புரோக்கர் ஊடகங்கள்,non-abusive
10000 செருப்பு அடி வாங்கினாலும் இந்த (1000 அம்பேத்கர் 1000 பெரியார் வந்தாலும் இந்த)ஆண்டி திருந்தாது .......,abusive
தமிழ் நாடு பெண்கள் அணியும் தாலியைப் கொச்சைப்படுத்தி பேசிய வட நாட்டு நாய் போல் கத்துகிறாய்,abusive
அர்ஜுன் அம்மா யாருனு கூட சொல்லிட்டாங்க இந்த கார்த்திக் யாருனு தெரியலையே,non-abusive
இது பைத்தியம்னு யாருமே கண்டுபிடிக்காம இன்டர்வூயூ வேற.,non-abusive
இவ மூஞ்ச பாத்தாலே கடுப்பாகுதுன்றவங்க மட்டும் லைக் பன்னுங்க...,abusive
லட்சுமி ராமகிருஷ்ணனுக்கு எதற்கு இந்த வேலை ? சேறு பூசி அலையும் பன்றிகளின் சகவாசம் தேவைதானா ? கேவலம் ! கேவலம் ! .,abusive
Tiktok ban பண்ண மோடி க்கு தான் எங்கள் ஓட்டு,non-abusive
இவங்க இந்தப் பொண்ண பேட்டியெடுப்பதே content காகத்தான். இதுல பஞ்சாயத்வேற...,abusive
யாருக்கு தெரியும் இது கூட கன்டன்டா இருக்கலாம்,non-abusive
கூப்பிடுங்கடா எங்க வனிதா அக்காவ அதான் நல்லா சாணிய முக்கி அடிக்கும் இவுலகளை,abusive
டேய் பொறம்போக்கு... ஏண்டா இவளை போய்டு promote பண்ற....,abusive
Views increase பண்றது மாமி என்ன வேலையெல்லாம் பாக்கிறது மாமி சேம் மா பேசுறேள் லட்சுமி மாமி உங்கள் ஆத்து பிரச்னையை பேசுவேலா....   பரவாயில்லை டிக் டாக் ஆண்ட்டி நல்லா கட்டை தான்.. அதான் கார்த்திக் நாட்டுக்கட்டை பின்னே சுத்துறான்....,abusive
ஐயோ ராம இன் த கொசு தோல் லை.தங்க முடி யல இத அடி ச்சு கொள்ளுங்கடா,abusive
யாருடா அந்த கார்த்தி எனக்கே அவன பார்க்கனும் போல இருக்கே,non-abusive
அந்த கண்டாரவோலி கார்த்திய கண்டதும் வர சொல்லுங்கப்பா.. இவலுக தொல்லை தாங்க முடியல..,non-abusive
இவங்க ஒரு ஆளு புண்டங்க இதுக்கு ஒரு ஜட்ஜ்,non-abusive
பேய்க்கும் பேய்க்கும் சண்டை போடி தேவிடியா முண்டை,abusive
Madam super ah kettinga செருப்பால அடிச்சா மாதிரி,abusive
திவ்யாவ பாத்தா பாவமா இருக்கு .சுகந்தி நீ பண்ணிருப்பா,abusive
நீ எல்லாம் ஒரு பொண்ணா தாய் தந்தை வச்சுட்டு இப்பிடி பேசுறியே வெக்கமா இல்ல நாயே,abusive
சுகந்தி நல்ல தரமான கட்டையா இருக்கே.... டேய் behindwoods air சுகந்தி க்கு ஒரு நாளைக்கு என்ன rate னு கேட்டு சொல்லுங்க டா டேய் இந்த பொறுப்பு பொளைக்கிர லஸ்க்மி ராமகிருஷ்ணன் கொஞ்சம் கூட வெக்கமே இல்லையா,non-abusive
சிண்மையீ உன்னக்கு என்னம்மா பைத்தியம் என்ன வேணாலும் பேசுவ நாங்க அப்டியா டாக்டர்,abusive
லஷ்மி மேடம் நீங்க கடைசியில் ஒரு உண்மை சொல்லி இருக்கிறீர்கள் நாட்டில் எவ்வளவு பிரச்சினை நடக்கிறது இந்த டிக் டாக் பொம்பளைகளுக்கு எதில் வருத்தம் பாருங்கள்,non-abusive
சுகந்தி தெளிவா பேசுறா இந்த திவ்யா கள்ளச்சி புண்டைதான் லூசு கூதியா இருக்க..,abusive
இவ்வளவு நேரம் சந்தோசமா இருந்தன் இதுங்க வீடியோவை பார்த்து ஐயோ ஐயோ,non-abusive
யப்பா வீடியோ போட்ட 2 நாளில் 10 லட்சம் பெரு பாத்துருக்காங்களே டா எல்லா இதே பொழப்பாத இருப்பாய்ங்க போல........ ஒரு வியூர்ஸ் வாங்குறதுக்கு எவ்ளோ கஷ்டமா இருக்கு....,non-abusive
லட்சுமி பாட்டுக்கு ஒரு சைடு பேசிட்டு இருக்கு... இவளுக தனியா ஒரு சைடு பேசிட்டு இருக்காளுக...,abusive
நாட்டுல எவ்ளோ பிரச்சனை இருக்கு இதெல்லாம் ஒரு ப்ரோக்ராம் ah,non-abusive
யாருப்பா அந்த கார்த்தி ! எனக்கே பாக்கனும் போல இருக்கு,non-abusive
அடே கார்த்திக் எங்கு இருந்தாலும். வெலிய. வாடா.,non-abusive
இவஓரு லூசுமுண்டையா இருப்பாளோ வால் வால்ணு கத்துறா,abusive
எல்லாம் தப்பு தப்புனு சொல்லிட்டு கடைசில கல்யாணம் பண்ண போறான்னு சொல்லிட்டடியேய் மா.,abusive
நானும் ஏதோ 2minutes ல முடிஞ்சுடும் சரி சாப்பிட்ட கோப்பைய கழுவலாம் எண்டு பார்த்தா... இருங்கடா சாப்பிட்ட  plate ர கழுவிட்டு வந்து இருக்கு உங்களுக்கு,non-abusive
போ போ மோடியிடம் போ.உனக்கு பணம் வேணும் அதுக்காக கூவுகிறவள் தான் இவள்.அடுத்து பாலியல் ஜல்சா கட்சியில் கூட்டணி வைப்பாள் பிரியா என்ற இவள்,abusive
அட கருமம் பிடிச்ச கர்த்தி நீ கை அடிச்சுட்டு போய்ருக்களாம்...இந்த முண்டையை தொட்டு நாசமா போனியடா,abusive
கார்த்தி name இருக்கிறவங்க டிஸ் லைக் பண்ணுங்க,non-abusive
மேடம் இதுக்கு பைத்தியம் தெளிய வையுங்கள். படித்த மதிரிய பெசுதூ...,abusive
அவன் sex காக உன்ன love பண்ணிருந்தா அவன் கல்யானம் பண்ணி தான் உன்ன sex டார்ச்சர் பண்ணனுமா ஏண்டி நீ சும்மா கூப்டா கூட போயிருவ அதுக்கு ஏன் டி அவரு அவ்ளோ செலவு பண்ணி அவ்ளோ கஷ்ட பட்டு உன்ன கல்யாணம் பண்ணனும் சொல்லு...உன் அப்பன் நல்லா பேசுறான் இவ்ளோ பேசுற அவன் உத்தனமா sex காக தான உனையும் உன் அம்மாவையும் விட்டுட்டு ஓடுனான் இவன் என்னமோ யோக்கியன் மாதிரி பேசுறான்....விஷ்ணு தான் உன்கிட்ட உண்மையா இருக்காரு நீ பொய் சொல்லி மறைச்சி ஏமாத்தி தான் அவனை கல்யாணம் பன்ன இப்போ அவர sex வச்சி கேவல படுத்துற உன் அப்பா அம்மா சரில்ல உன்ன ஒழுங்க வலக்கல சீ தூ நாயே நீ தான் ஒழுக்கம் கெட்ட நாயி ஒரு நல்ல பையன் மேல இப்டி பழிபோடுறியே டி நாயே உனக்காக எல்லா செலவும் ஏத்து கிட்டு உனக்காக வீட்ல பேசி நல்லபடியா கல்யாணம் பன்னி இப்போ அந்த பையன் மூஞ்ச பாத்தாவே தெரியுது எந்த அளவுக்கு அவரு நொந்து இருக்காருன்னு ஆனா உன் மொக்கரய பாத்தா ஒரு feeling இல்லை நல்லா தான் இருக்க ஆனா அவர பாரு நொந்து சோமா பாவமா இருக்கு ஆனா அவர இப்டி சொல்ற இது என்ன படமா வாய பொத்தி sex பண்ண இவ நெறைய படம் பாத்து script ரெடி பண்ணிருக்கா போல மானம் கெட்ட குடும்பம் சீ,abusive
ஒரு அப்பாவின் வளர்ப்பு இல்லாத போது ஒரு பெண் எப்படி எவ்வளவு சமூக சூழ்நிலையிலும் மண உளைச்சல் ஆகி விட்டால். தயவு செஞ்சு டிஜிட்டல் மீடியா இருந்து விலகி இருப்பது வாழ்க்கைக்கு நல்லது,abusive
21:01 திவ்யா: கோவிலுக்குதான போன எப்படி மேடம் பாலக்காடு பயணம் செய்தேன் லஷ்மி மேடம்,non-abusive
நீல சட்டை சொல்வது சரி . மற்ற ஆள் தேவை இல்லாத பொய் .அவவின் விருப்பத்தோடு தான் எல்லாம் நடக்குது.,abusive
எவ்வளவு மீடியாவில் இருந்தாலும் பமனதில் வலி இருக்கு,non-abusive
நேர் கோன்ட பார்வை உங்களை பைத்தியம் பிடித்து கொண்டு ஆடுகிறார்கள்,non-abusive
"தாமரையும் மலராது இந்த குஷ்பூவும் வாடி போய்டும் , நாம ஒன்னும் செய்ய தேவை இல்லை இந்த பி ஜே பி காரனுங்கலே இந்த குஷ்பூவை கசக்காமல் விடமாட்டானுங்க,,,,",abusive
ஷகிம்மா இவளை எல்லாம் கூப்பிட்டு வச்சி பேசி ஏன் உங்களை நீங்களே அசிங்கப் படித்திகிறீங்க. இவ உடலை வருத்தி வேலை செய்யாமல் Youtube ல் நோகாமல் சம்பாதிக்கலாம் என்ற நினைப்பு. அது மட்டுமல்ல இவளுக்கு வாழ்க்கை என்றால் என்ன என்றே தெரியவில்லை. மானம் மரியாதை என்றால் என்னனும் தெரியலை.,abusive
தன்னை தானே அழகினு சொல்லிக்கிற கேவலமான ஜென்மம் 1% கூட அறிவு இல்ல தன்னைதானே புகழகூடாதுங்குற சாதாரண அறிவு கூட இல்லை இவளை போய் சிக்காக்கு ஏன் பிடிக்குதோ...,abusive
அந்தப் பிள்ளையை இப்பவே விரட்டி விடுங்க பாவம் உங்க அம்மாவை பார்த்த பாவமா இருக்கு,abusive
அது யாரு திவ்யா வாயில் சுண்ணாம்பு அடிச்சது,abusive
"ஆனாலும் திவ்யா, காலஞ்சென்ற நடிகை சவுந்தர்யா போலவே மிக அழகாக இருக்கிறாப்படி.",abusive
அந்த குண்டு ட திவ்யா மேல தான் தப்பு இருக்கிற மாதிரி இருக்கு,non-abusive
அவங்க என்னமோ சீரியஸா தான் பேசறாங்க போல but எனக்கு தான் சிரிப்பா இருக்கு,non-abusive
Medam இவங்களுக்கு என்ன மரியாதை கொடுத்து பேசுறீங்க.  விவசாயத்தை இவள்கள் எல்லாம் பாத்துருப்பங்களா விவசாயம் படும் கஷடம் என்னனு தெரிமா மழை பெய்து தண்ணீரில் மெதக்குது. அந்த கஷ்டத்திலிருந்து  மக்கள் இன்னு வெளிய வரல.  இவங்கள எல்லாம்  என்னோட கோவத்தை வெளில சொல்ல முடில,non-abusive
அது வேற ஒன்னுமில்ல சின்மைக்கு அவங்களுக்கு மூளை வலிமை ரொம்ப ஜாஸ்தி,abusive
அய்யோ இதுக நால youtube pakkavey சீ பிடிக்கல... இது காசு பாக்க....எங்கள திட்டுது... நாதாரி.....,non-abusive
ஏய் இதெல்லாம் ஒரு ஜெர்மானிடி ச்சீ என்ன உலகம்,abusive
நேர் கோன்ட பார்வை உங்களை பைத்தியம் பிடித்து கொண்டு ஆடுகிறார்கள்,non-abusive
"அர்ச்சனா லூசு , அவா பொண்ணு முழு லூசு namburavanga like podunga",abusive
எந்த படமும் நல்லா இல்ல. இன்னைக்கு இதான் சூப்பர்,non-abusive
இந்த திவ்யா முஞ்சிய பார்த்து தாலே வாந்தி வருது,abusive
டிக் டாக் லா இந்த அரிப்பு தாங்காம பொண்ணுங்க தான் அவுத்து போட்டு ஆடி பசங்கள புடிச்சி கால் நடு குழி லா தள்ள பாகுறாலுக.. பசங்க இஸ் good boys,abusive
இவ பேட்டிய போட்ட மாதிரி இவளோட மத்த ஐட்ட வீடியோக்களேயும் போட்ரா கலாட்டா பயலே,abusive
மாமா கார சங்கத்தின் தலைவர் எங்கள் சிக்கா மாமா வாழ்க மாமாக்களுக்கு எல்லாம் மாமா கூட்டி கொடுப்பதில் வல்லவர் எங்கள் சிக்கா மாமா வாழ்க,non-abusive
"மதுரை செல்வாக்கு காசு போச்சேன்னு பழி வாங்குறதுக்கு, திவ்யாவ வச்சு கன்டன்ட் ரெடி பன்னிருக்கான்...திவ்யா பேமஸ் ஆகுறதுக்காக சுகந்திய கன்டன்ட் ஆக்கிட்டா....திவ்யாவ கன்டன்ட்டா வச்சு Behindwoods பேமஸ் ஆகிட்டான்... ஆக மொத்தத்துல பாக்குற நாங்க எல்லாம் யாரு லூசுன்னு தெரியாம லூசா ஆயிட்டோம்டா சாமி....",non-abusive
இவ ஒரு ஆளு.. இப்படி பேசி பேசியே இவ பெரிய ஆளாயிட்டு இருக்கா..இவ கிட்ட போயி நீங்க ஏன் மேம் பேசுறீங்க.. இவளோட வீடியோலாம் பாருங்க.. எத்தனை தாலி கட்டிருக்கா..லூசு மூதேவி..தூதூதூ..,abusive
"கார்த்தி பின்னாடியே திவ்யா போக, திவ்யா பின்னாடியே மீடியா போக, மீடியா பின்னாடியே நாம போக, நேரம் வீணப்போக... எல்லாம் நாசமா போக...",non-abusive
அண்ணா கொஞ்சம் ஆம்பளதனம் எட்டிபார்துச்சு போல இந்தவீடியோல எப்படியோ நந்தினிஓட்டுனது குளிர்சியா இருக்கு ரொம்பபேசுது இ்ந்தபுள்ள,abusive
ஷகிலா மேடம் நீங்க கேட்கிற ஒவ்வொரு கேள்வியும் எங்கள் சார்பாக நல்லாவே கேட்டீங்க. இந்த மாதிரியான யூடியூப் சானலே இனிமேல் இருக்க கூடாது. இதை தடுக்க வேண்டும்.,non-abusive
"கள்ளச்சி யார் கொடுத்த பேரோ, நல்லாவே நடிக்கிறா திவ்யா, ஷகீலாக்கு அதான் கோவம் வருது. கண்ணுல தண்ணி வராமலே அழறதுல்லாம் சாதாரணமா என்ன ?",abusive
"என்ன கடவுளே இது ,..... பரிதாப படுரதா.......  இல்ல பச்சை பச்சையாக திட்டுவதா...........",non-abusive
@caiibrothan1111 உனக்கு கனவுல கூட கல்யாணம் ஆகாது,abusive
ஏன்டா குதியானே யாருடா தெரு நாய் கேன புண்ட மாவனே..,abusive
ஆண்டவா என்ன கொடுமைடா ???..முடியல..முடியல ...முடியல ...!!!!,non-abusive
இந்த ஐட்டத்துக்கு யாருடா பவுடர் அதிகமா பூசுனது கை கலரும் மூஞ்சியும் பாருங்க,non-abusive
2 லட்சம் இல்லை 3 லட்சம்  15 லட்சம்   சுகந்தி ஐ லவ் யு.........ஆன்டி............,non-abusive
ஏண்டா நீ எல்லாம் எப்படி பேருந்து முதலாளி ஆனாய் ஒரு பெண் உன்னுடைய பேருந்தை வைத்துகொண்டு பப்ளிசிட்டி பண்ணிட்டு இருக்கா இதனால் என்ன பிரச்சனை வரும் என்று யோசிக்க தெரியனும் முட்டாள் மாதிரி இருந்துட்டாய் சனி உனக்கு சர்மிளா உருவத்தில் வந்தது பார்,abusive
இப்போது உள்ள புதிய செய்தி திவ்யா கார்த்திக் தம்பியை திருமணம் செய்யப் போகிறார் இருவரும் முத்தம் பரிமாறிக்கொண்டனர் இதைப்பார்த்து காண்டாகி கோணவாய் கார்த்திக் திவ்யாவிடம் கெஞ்சி முத்தம் பெற்றுக்கொண்டார் நல்லதோர் குடும்பம் பல்கலைக்கழகம்,non-abusive
அட பாவிகளா கடைசில நேர்கொண்ட பார்வைய திருவிழா மைக் மாறி மாத்திட்டாங்களே... கார்த்தி எங்கிருந்தாலும் மேடைக்கு வரவும்,non-abusive
செக்கு மாடு மாதிரி இருக்கியே..போய் வீட்டு வேலைகள் செய் டி எரும,abusive
ஏமாற்றுவதற்கு ஒரு கூட்டம் ஏமாறுபவர்கள் ஒரு கூட்டம்,non-abusive
இவ நடிக்கிரா பேசகூடாத வார்த்தையில் லாம் பேசராங்க,abusive
அடி நாயே...நாயே அரபிகாரன்...600. 700 கிலோ ஒட்டகத்தையும் மாட்டையும் வெட்டி...சாப்பிடுறான்...நாயே ..அரபு நாடுகளில் பார்...80. 90. வயசு கிழவி கிழவன் கூட பவர் கீளாஸ் போட்டுருக்க மாட்டாங்க...100.'/' 100.'/' ஏனா..மாட்டுகறியும் ஒட்டகம் கறியும்...பவர் சங்கி நாயே...நாயே...,abusive
திவ்யாவுக்கு செம வாயி பிராடு பொய் பித்தலாட்டம் super shakeela madem,abusive
கேசுங்களுக்குள்ள நடக்குற வீதி சண்டை வீடியோவா வருது. புளுபிலிம் எடுக்க இன்டர்வியூவா. இதல்லாம் ஒரு சமூக பிரச்சனை காறித்துப்பு,abusive
total tamilnadu peoples be like::;கண்டா வரச் சொல்லுங்க கண்டாரஓலி கார்த்திய கையோடு கூட்டி வாருங்க,non-abusive
மனோ நிலை தவறிய பெண்கள். தயவு செய்து ஒரு உளவியல் மருத்துவரை வைத்துக்கொண்டு இந்த நிகழ்ச்சியை நடத்துங்க. அவர்கள் தரும் ரிப்போர்ட் அவசியம் தேவை. அனைத்து பெண்களுக்கும் இது தலைகுனிவு! Its my request please.,non-abusive
"காண்டாமிருகம் kathuthu, எதிரில் இருக்கறது அவல பாக்கும் போதே therethu இவங்களுக்கு குடும்பம் illaya",abusive
விண்ணைத்தாண்டி வருவாயா படத்ல ஜெசி விட்டுட்டுப் போயிடுவாங்க இங்க கார்த்தியா..... இந்த குண்டு இசைக்கு வந்த சோதனை பாருயா.....,non-abusive
ஆன லஷ்மி ராமகிருஷ்ணன் இந்த நிகழ்ச்சியோட நீ ஓடல உன் புருசன் உன்ன விட்டு ஒடிருவாரு எதுக்கு உங்க வயசுக்கு இது தேவையா.......,non-abusive
இந்த பொண்ணு பொய் சொல்வது சதவீதம் தெரியுது.காரணம் கல்யாணத்திற்கு முன்பே இரண்டுபேரும் உடல்ரீதியாக இருந்ததாக இவ ஆடியோல பேசிச்சு சீ எந்த பொண்ணும் இப்படி பேச மாட்டாங்க,abusive
சுகந்தி நீ ரொம்ப ஓழுங்கு போடி சுகந்தி தேவிடியா,abusive
ஏன்டி இராமகிருஷ்ண உனக்கு வேற எந்த டாபிக் இடக்கலியா.. இந்த தேவிட டிபேட் தேவையா... நீயும் அது போல தான் இருக்கிறாய். ஆதலால் தான் இது போல டிபேட் பன்றிங்களா? வாயா மூடூடி,abusive
மனநிலை பாதிக்கப்பட்ட பெண் போல தெரிகிறது அந்த பெண்ணுக்கு தகுந்த சிகிச்சை தேவை,abusive
இந்த தேவிடியா முண்டைகள் மொகரைகளை பாக்க சகிக்கல....,abusive
"பப்ளிசிட்டி பைத்தியங்கள், வெட்டி தனமா பேசிகிட்டு சட்டத்தை பயன்படுத்தி காசு பாத்துட்டு இருக்கு... பெருமை பீற்றல் மெண்டல்ஸ்",abusive
"பேசும் போதே புரியுது! தரமான கட்டுகதை, பச்சை பொய் என்று ... பெண்கள் அழுது சாதிக்கும் ஒரு நாய் குணம்...",abusive
ஷகிலா மேடம் இப்பவும் நீங்க அழகா இருக்கிறீர்கள்,non-abusive
ஷகிலா வந்து சுகத்திர போராட்ட தியாகி ஓத்தா கூதி தேவடியாபைல இந்த புழப்புக்கு ஊம்பி பிழைக்கலாம் இது ஒரு புலப்பாடா யூடிப்பு கூதிடிப்பு,abusive
உயிர் ஆஹ் கொடுக்கலாம் மானத்தை கொடுக்க கூடாது என்னமோ அன்பா பேசுனா என்னா வேணா கொடுப்பலாம்,abusive
கண்ணுல தண்ணி வர அளவுக்கு சிரிச்சிட்டேன் comments இப்படி போடாதீங்க views.. Gundu jesssy  Karthiya thedraanga.. yyyaaa...,non-abusive
36:09 திவ்யா மனரீதியா பாதிக்கப்படல இந்த வீடியோவ பார்த்த நாங்க தான் மனரீதியா பாதிக்கப்பட்டிருக்கோம்,non-abusive
"நீ காங்கிரஸ் ல இருக்க பாஜக கு மாருத, ஐட்டம் நாய",abusive
என்ன சூர்யா அக்கா நீங்க பேசுறது 98% பொய் 2% உண்மை,non-abusive
விளங்கிடும் அடியேய் இதை விட கல்யாணம் பண்ணாதீங்கடி,abusive
Lakshmi ramakrishnan mam mind voice be like: aioo indha பைத்தியக்கார பொண்ணுங்க கிட்ட வந்து நான் மாட்டிகிட்டு ebhaaa.. fun ohhh fun ohhh,non-abusive
என்ன இன்டர்வியூ எல்லாம் வேற லெவல் ல போயிட்டு இருக்கு?,non-abusive
காசு க்காக என்னாலும் பண்ணுவியா ..?  அத நீங்க கேக்கலாமா ..?,non-abusive
இதுல ஒன்னு வெந்தது ஒன்னு ஒன்னும் வேகா தா தூ தீர்ப்பு சொல்வது ஒரு அரைவேக்காடு .டேய் கார்த்தி எங்கடா இருக்க மூன்று பேத்தையும் கூட்டிட்டு போடா இரண்டு கிடைச்சது இப்ப மூன்று பேர்,non-abusive
இப்டியே பேசிக்கிட்டே இருந்தா எப்டி..... யாரு பெருசுனு அடிசிக்காட்டு ...,abusive
எங்க....தில்லு இருந்தா ..அம்பதாறு இஞ்சி முன்னால போய் ஒக்காரு பாப்பம்... என்னமோ நரேந்திரனின் பக்கத்து ஊட்டுக்காரி மாதிரி பேசுற...சொன்னமாதிரி.போய் நரேந்திரன் முன்னாடிபோய் ஒக்காரு... துணிய அவுத்து கக்குள்ள வச்சிகிட்டு ஓடுரியா இல்லியா பாரு...,abusive
அடி லூசு புண்ட புடிக்கல சொல்லிட்டு போக வேண்டியது தானே?,abusive
அவன் (கேடிஜி) சும்மா இருந்தாலும் .... சண்டாளச் சிறுக்கி (மதுவாந்தி) இவ சும்மா இருக்க மாட்டேங்குறாளே ...!!!,abusive
ஜனவரி லா வரும் பனி உன் வாயில இருக்கு சனி,non-abusive
இவளுக்கு என்ன அரசியல் புரிதல் இருக்கா இவற்றையெல்லாம்........ நான் ரோட்டுல அம்மணமாய் தான் போவேன் னு அடம்பிடிக்கிறவ கிட்ட  துணிய போட்டுக்கிட்டு போம்மா னு சொன்னா கேட்கவா போறா,abusive
கோத்தா ஒரு பையனா பொறந்து பாருங்க அதோட வலி தெரியும்.. அந்த பையன் சாகும் வரை அந்த கடனை கட்டுவான் கடன் காரன் வீட்டு வாசல் வந்து நிக்கிறிப்ப கூட பொன்டாட்டி இருக்கும் இந்த சூழ்நிலையில் அவன் அசிங்கத்துல உயிரோட இருக்கிறத பெரிய விஷயம்...,abusive
சிங்கம் தம்பி சிறுத்தையை கொண்டு வர பிரதமர் நரேந்திர மோடி உத்தரவு.... அடுத்த 24 மணி நேரத்தில் கார்த்திக் என்று பெயர் வைத்து கொண்ட அனைவரையும் இந்த நாட்டை விட்டு வெளியேற உத்தரவு... இந்த காணொளியை பார்த்து கொண்டு இருந்த அனைவருக்கும் கார்த்திக் எனும் கொடிய வைரஸ் பரவ வாய்ப்பு உள்ளதா என கண்டு அரிய சுகாதார துறை ஆய்வு செய்து வருகிறது....  இப்படிக்கு சிரிச்சா போச்சு டீம்.......,non-abusive
இனிமே பிறக்கிற குழந்தைக்கு கூட கார்த்தினு பெயர் வைக்கமாட்டார்கள் யாரும்,non-abusive
யாருக்கேல்லாம் சலிஉருட்டி சூர்யாவ பாத்தா சூனியகார பொம்மைபோல் இருக்கு,abusive
"இவ ஒரு பொரம்போக்கு, இவள வச்சி பேட்டி எடுக்காதீங்கடா, உங்க சேனல் நாறிடும் நாட்டில் இப்படிப்பட்ட நாய்களால்தான் நல்ல பெண்களும் கெட்டுப்போவார்கள்.",abusive
அட போங்கடி நீங்கலும் உங்க எபிசோடும் இதுக்கு ஒரு தலைவர்,non-abusive
வெஸ்ட்டர்ன் டாய்லெட்ல போனா அப்படி தான் இருக்கும் இன்டியன் டாய்லெட் ட்ரை பன்னுங்க சிஸ்டர்,non-abusive
Bathroom Tour காட்டுற மாதிரி தெரியல உங்ககிட்ட இதெல்லாம் இருக்கு அப்டினு scene போடுற மாதிரி இருக்கு. உன் பொண்ண கொஞ்சம் வாய மூட சொல்லு natural அ பொண்ண பெத்து Artificial அ வளர்த்த மாதிரி இருக்கு.  அந்த பொண்ணு பேசினாலே அவ்வளவு செயற்கையா இருக்கு.,abusive
கண்டா வர சொல்லுங்க கார்த்தி யை கையோடு கூடி வாருங்க....,non-abusive
"என்னா காசு குடுத்து குஷ்பூ வாய்... I am waiting! But ஒரு ten, fifteen year ago கொஞ்சம் bettera...",abusive
ஒரு முக்கிய அறிவிப்பு !!!! கார்த்திக் என்ற பெயரை வைத்திருக்கும் அனைவரும் இன்று பெயர் மாற்றம் செய்ய கூட்டம் கூட்டமாக வந்துகொண்டுஇருக்கிறார்கள்  Camara man- திவாகர் உடன் தோனி,non-abusive
கடைசி வரைக்கும் கார்த்தி எங்க இருக்கானு சொல்லாம போராங்களே...,non-abusive
"உனக்கு வருமானம் இல்லன்னா கூலி வேலைக்குப்போ, கஷ்டப்பட்டு உழை அத விட்டுட்டு நாட்டு சம்பாராதயத்தை அசிங்க படுத்ததே",abusive
ஷகிலா அம்மா உங்களுக்காக தான் இந்த வீடியோ பாக்குற,non-abusive
என்னம்மா இப்படி பன்றீங்களேம்மா....அந்த மும்தாஜுக்காக தாஜ்மஹால் கட்டினான் ஷாஜஹான் ....நீ இந்த மும்தாஜுக்காக என்ன கட்டப் போறே...,abusive
யாரு சாமி கார்த்தி.....இந்த பெயரால எத்தனை பேரு எல்லாம் கலாய் வாங்கிருக்காங்களோ...பாவம் கார்த்தி பெயர் வச்சவங்க எல்லாம்....,non-abusive
இந்த கெளட்டு மூதேவி தா கிடைச்சாளா உங்களுக்கு galattaa,abusive
மேடம் மேடம்..பிளீஸ் பிளீஸ் அப்படியே அந்த tiktak சூர்யாவையும் அந்த பேப்பயல் இக்காவையும் அழைச்சி இப்படி அடிச்சிக்க விடுங்க மேடம்..எங்களுக்கு கொஞ்ச சந்தோஷத்தை கொடுங்க மேடம்..,non-abusive
யம்மா போதும் உன் ரீல் அறந்து ரொம்ப நாள் ஆச்சு,abusive
சின்மயி ஒரு முட்டா piece னு மருபடியும் நிருபிசசிட்டா...,abusive
ஆள் in on அழகு ராஜாவா சொக்க தங்கம் 3 அந்த ராஜாவா.,non-abusive
நீங்கள் ஏன் இந்த சோவை தொகுத்து வழங்கினார்,non-abusive
ஜி.பி .முத்து mind voice. செத்த பயலே நார பயலே.. செத்த மூதேவி ஆளும் மூஞ்சியும் பாரு..,non-abusive
ஒரே கேள்வி.. இப்படி நீ அவுத்து காட்டுறத உன் புருஷன் இஷ்டத்தோடதான் காட்றியா,abusive
"ஏண்டா எவளவு நல்லது பண்ணுற நபர்கள் இருகாங்க, அவங்க கூட்டிட்டு வந்து interview பண்ணலாம், இவ ஒரு ஆளு, போங்க டா புமலை",non-abusive
போடி இவளே உன்கிட்ட போய் மன்னிப்பு கேக்கணுமாக்கும் நீ பெரிய,abusive
இந்த பொண்ண பாத்தா பாவமாவும் இருக்கு கோவமாவும் இருக்கு,abusive
அழுத அந்த பொண்ணுக்கு கண்ணுலேர்ந்து ஒரு சொட்டு கண்ணீர் வரல...ஏண்டா டேய் போங்கடா டேய்,abusive
முதல்ல யூட்டியூப்பே இல்லாமல் பன்னனும் எவலவோ நல்லவிசயங்கல் இருக்கு இந்த மாரி நாயல்லாம் மக்கல ஏமாத்தி சம்பாரிக்கிது,non-abusive
நீ வண்டி ஓட்ர மாரி தெரியல நீ யார கொல்ல போரியோ நீ பெரிய த்ரிஷா மூஞ்சி ய பாரு உனக்கு ஒரு ஓட்ட சைக்கிள் கூட குடுக்க மாட்டாங்க பஸ் ஓட்னா பெரிய ஆழா நீ பெரிய ப்ராடு உனக்கு காசு வேர வேனுமா நீ ஏ வண்டி ய நிப்பாட்ன மூஞ்சி ய பாரு,abusive
இவள் மட்டும் ஜெயிதத்தால் ஆயிரம் விளக்கை கண்டிப்பாக சிவப்பு விளக்கா மாற்றி விடுவாள்.,abusive
கண்டேட் காக மேடமே நிறைய படம் நடிச்சிருக்காங்க ஆனா அதுலாம் ஒர்த்தா இருக்கும்,non-abusive
மோடி செய்ததிலேயே உறுப்பிடியான செயல் டிக் டாக் தடை செய்தது,abusive
"ஷகிலா மேடம்... 12 th standard la may be 2000 உங்க matter படம் பாக்க.. ஜோதி தியேட்டர், அனுராக் தியேட்டர் லான் சுத்தி இருக்கோம்.. இப்போ உங்க interview s லான் நெறய பாத்துஇருக்கேன் உங்கள தப்பா பாக்கவும் முடில.. நேனைக்கவும் முடில... உங்க எல்லாம் இன்டெர்வியூ வும் mattured da இருக்கு bold speach...Keep it up Madam",non-abusive
கிளேசியர் உடையுது....wash out ஆகுது.... ஏன் கார்த்தி இல்லாதனாலயா..????? ஏன் டி சம்பந்தமே இல்லாம பேசுறிங்க..?????,non-abusive
இப்படி ஒரு பெண் இருக்குறதுக்கு இல்லாம இருக்கலாம். செத்துப்போய்டு.,abusive
அப்பறம் ஏன்மா நீ கூப்பிட்டு பேட்டி எடுக்குற,abusive
அய்யயோ இதுஎன்னடா புதுசா இருக்கு.. இன்னும் என்ன என்ன நடக்க போகுதோ,non-abusive
ஷகிலா அம்மா கேட்கும் கேள்விகள் சரியான செருப்படி கேள்விகள்.... பலரின் கருத்துக்களை நீங்க பலரின் பிரதிநிதியாக இருந்து கெட்கும் கேள்விகளுக்கு நன்றி அம்மா.... இவங்களை நீங்களே பிரபலப்படுத்த விடுகிறிற்கள்... ஏன் இவங்களை உக்கார வெச்சி பேசுரிங்கா .... இதுல தேவையா.... பல திறமையான நபர்கள் உள்ளனர் அவர்களின் திறமையை வெளிப்படுத்த உதவுங்கள்....,abusive
கடைசியில கார்த்தீணு லச்சுமிஅம்மையாரையும் நம்பவச்சாபாரு அங்கநிக்கிறா திவ்வியா,abusive
இவள் ஆல் மனதில் யாரே நீ அழகி இல்லை பேரழகி என்று பதிய வைத்து இருக்கிறார் ஆனால் பாவம் இவள் கிழவி என்பதை மறந்து விட்டால் போல திருப்பூர் உள்ளூர் கிழவி கிழவி கிழவி கிழவி கிழவி கிழவி கிழவி கிழவி,abusive
இவளே உலக ஐட்டம் இவள கூப்பிட்டு கேள்வி கேட்குற த்து..,abusive
நம் தமிழ் சமூகத்தில் எத்தனையோ பிரச்சனைகள் உள்ளது அது இவர்கள் கண்ணுக்கு தெரிந்தால் ஏன் இவர்கள் இதுபோல் தவறான செயல்களில் ஈடுபடுகிறார்கள் இலட்சியம் இல்லாத வரையில் இதுபோல் செயல்களில் ஈடுபடுவார்கள் அது காலத்தின் கட்டாயம்,non-abusive
மோடி life ல பன்னுன ஒரே ஒரு நல்ல விஷயம்னா அது இந்த tik tok pan தான்...  Hats off ji,non-abusive
ச்சீ போடி நாயே உன்ன பார்த்தாலே கடுப்பா இருக்கு புலுகு மூட்ட,abusive
நான் சுத்தி வளைச்சு பேச விரும்பல!! நான் ஒரு லெஸ்பியன் பொண்ணு!! அதுக்கு என்னா இப்ப??,abusive
ஷகிலா அம்மா உங்களுக்கு வேற யாரும் இல்லை யா இவ லூசு,abusive
Previous Video Link:   யாருப்பா அந்த Karthik? TikTokல் விபரீதமாக முளைத்த காதல்.. கதறி அழுத TikTok Divya - Lakshmy-ன் Advice NKP35,non-abusive
ஆனும் பொன்னும் சேர்ந்தாதான் இண்பம் அனுவிக்க முடியும் பொண்ணும் பொண்ணும் எப்படி உடலுரவு வைக்க முடியும் எப்படி இதுல இண்பம் கிடைக்கும் .,non-abusive
எந்த வனிதா ஒரு லம்படி இவள வெளிய அனுபணும்,abusive
இந்த விபச்சாரிகிட்ட போய் இன்டர்வியூ எடுக்குறியேடா உனக்கெல்லாம் மானம் ரோசம் இல்லையா,abusive
ஏம்மா விவாதம் நடத்த எத்தனையோ பிரச்சினைகள் உள்ளன.இந்த மாதிரியான ஒரு நிகழ்ச்சி தேவயா.,abusive
இதுல ஒரு மூதோவி நல்லா நடிக்குது. ஒரு மூதோவிய மூத்ர சந்துல வச்சு நல்லா கும்மீர்காங்க. இன்னும் மேல மேல..,abusive
அழுவாத டீ மேக்கப் கலஞ்சி சகிலா அம்மா பயந்துற  போறாங்க,non-abusive
பார்..... முழுசா பைத்தியமாக மாறிய divyavai பார்...,non-abusive
நாட்டுக்கும் வீட்டுக்கும் ரொம்ப முக்கியம் என்ன பொய்யடா சாமி,non-abusive
ஆமா இந்த ஷோ ல லெட்சுமி மேடம் எதுக்கு தேவை இல்லாம,non-abusive
MSC MICRO-BIOLOGY படிச்சிருக்கியா....நீ BEHAVE பண்றதல்லாம் பாக்கறப்போ படிச்ச பொண்ணு மாறி இல்லையே....,non-abusive
இரன்டு பேருக்கும் ஈய்யத்தகாச்சி ஊத்தனும் சாமன்ல !!!! லுசு புனாகாறிகள்,abusive
கடந்த 25 வருஷமா தமிழகத்தில் உனக்கு இருந்த மரியாதையே கெடுத்துவிட்டாய் நாதாரி........,abusive
"இந்த வீடியோவை எடுத்த கேமராமேன், வீடியோவை எடிட் செய்த எடிட்டர் , நிகழ்ச்சியை நடத்திய ஷகிலா மேடம் ,இந்த மூன்று பேரும் உண்மையில் கொலை வெறியில் இருந்திருப்பார்கள்.",non-abusive
"Suntv oru media vijay tv oru media cinema oru media madiri Youtube oru media dhane.   Shakila : காசுக்காக என்ன வேணும்னா செய்வியா??  திவ்யா(கேட்டு இருக்கவேண்டிய கேள்வி): நீங்கள் காசுக்காக இத்தனை நாள் பலான படத்துல அறை நிர்வாணமா தான நடிசீங்க.. இப்ப இங்க அவந்து புண்ணியாத்மா மாதிரி கேள்வி கேக்குறீங்க. டிவி சேனலிலும், சினிமாவிலும் தாலிகட்டினால் அது பரவால்ல.. யூடியூபில் content காக கட்டிகிட்டா மட்டும் அது எப்டி தப்புனு சொல்றீங்க ஷகீலா.",abusive
பாவம்... இந்த திவ்யாக்கு வாய்ல நுரை தள்ளுனது தான் மிச்சம்,non-abusive
இவ ஒரு ஆளுன்னு இவளை போய் சீய்ய்ய்ய்ய்ய்,abusive
பைத்தியமா இவ ரொம்ப நாளா நல்லா பேசுகிறுந்தாலேயா,abusive
சுகந்திய பாக்க வந்த உத்தமர்கள் லைக் பண்ணுங்க,non-abusive
என்னடாயிது 3 பொம்பளைங்க விபச்சாரவிடுதிக்குள்ள உட்காந்திருக்கிறமாதிரி தெரியுது..,abusive
இத பார்த்த 9 போல இருக்கு இத எப்படி அழகி போட்டியில் சேர்த்தார்கள்,non-abusive
அடேய் highlight ah பாத்தீங்கலா... நீ பேசாம இது திவ்யா நா சிரிச்சிரபோர..,non-abusive
"மேடம் சரியா சொன்னாங்க, social media is a fack world பொறுப்பற்ற (பணம் பார்க்கும் )இளையதளம். புகழுக்காக வாழ்க்கையை தொலைத்து நிற்கும் பொறுப்பற்ற பெண்கள் இன்றைய தளத்தில் நல்ல விஷயங்கள் நிறைய உண்டு, இது போன்ற கெட்ட சகவாசம் மற்றும் கெட்ட விஷயங்களை எடுத்து கொள்ளாதிர்கள்",non-abusive
ஆமா நைனா... குசுபு இன்னா கச்சி!? முந்தாநாளகி தி மு க விலே இந்தாங்க... நேத்திக்கி காங்கிரஸில இந்தாங்க... நாளைக்கி!? சினிமா கவர்ச்சி போயிருச்சி நைனா... அதனால அரசியல்ல அவங்க சுருங்கிபோன கவர்ச்சிய கடைவிரிச்சிருக்காங்க... இது ஒன்றும் இப்ப போனியாகாது நைனா...,abusive
"இந்த வெங்காயத்தை சொல்லுறது தப்பில்ல, சினிமால காட்னா,திட்னா தப்பில்லை ஆனால் யூடியூப் ல மட்டும் இதல்லாம் செஞ்சா தப்புன்னு சட்டம் போட்டான்ல எவனோ கள்ளு,செருப்பு கொண்டு அடிச்சா எல்லாம் சரி ஆய்டும்...",abusive
"ஏண்டா இந்த மாதிரி ஈன சிறுக்கிகல பேட்டி எடுக்குற அளவுக்கு தரங்கெட்டு போய்டீங்கன்னா சானல பூட்டிட்டு போய் மாமா வேல பண்ணுங்கடா அவளே பாலியல் தொழில் சம்மத்தோட செஞ்சா தப்பிள்ளைன்னு சொல்றா, இந்த மூஞ்ச பாக்குறதுக்கு கோரானா வந்து சாவுலாம்",abusive
ஒரு கிருக்கி போன இன்னொரு கிருகி வண்டுக்கிய இருக இவல்களை எப்படி ஒளிகிரடுண்ணு தெரியல,abusive
அம்மா நீங்க கேட்ட கேள்வி எல்லாம் நாக்கை புடுங்கமாதிரி இருக்கு மா .. சூப்பர் .. இவள கத்தி எடுத்து வெட்டுங்கொன்றேன் ....,non-abusive
ஆன்லைன்ல முழகுறதுனால வந்த விளைவுகள் இப்படித்தான் இருக்கும் அப்ரோம் இத பார்த்தவுது சில பேர் புருஞ்சுக்கோங்க நன்றி லஷ்மி ராமகிருஷ்ணன் mam supper mam,non-abusive
உன் வேலையை முதலில் பாரு மூஞ்சி மொகரையும் பாரு,abusive
கார்த்திகை வந்தால் வரச்சொல்லுங்க அவனை கையோடு கூட்டி வாருங்கள் இந்தக் குந்தாணி பைத்தியக்கார ஆஸ்பத்திரில போய் சேருங்க,abusive
29:22 அடப்பாவி நீ என்ன நிலைல தான் இருக்கிற,non-abusive
இனிமேல் யாரும் கார்த்தி என்று பெயரிட மாட்டார்கள்,non-abusive
ஐயோ அம்மா கார்த்தி பேய் பிடிச்ச பைத்தியம்... அரமென்டல் நீயே ஒரு கண்டன்ட் மத்த சேனல்க்கு... ஒழுங்கா ஓடிடு,non-abusive
"இதே மாதிரி இந்த சகிலா முண்டைய கேக்கனும், ஊருக்கெல்லாம் கவட்டைய விரிச்சுட்டு, இப்ப வந்து உபதேசம் பன்றையானு",abusive
"அடுத்த பஞ்சாயத்து சூர்யாதேவி vs ரவுடிபேபி சூர்யா ரெடியா இருங்க லஷ்மி மேடம்,நல்ல content கிடைக்கும் tik tok ஓனரே அசந்துப்போவான் உலத்திலேயே தமிழ்நாட்டில்தான் இந்த app ஐ இவ்வளவு மோசமாக பயன்படுத்துகிறார்கள் என்று.",non-abusive
பன்ற தேவிடியாத்தனம் எல்லாம் பண்ணிட்டு யோக்கியம் மாதிரி பேசுவாளுகா,abusive
கொஞ்சம் காத கொடுத்த எட்டு முழம் பூவை சுத்துவா கொஞ்சம் கண்ணு அசந்த ரொம்ப ரொம்ப ரீல சுத்துவா,abusive
டேய் கார்த்தி யங்கட இருக்க பாவம் டா அந்த பொண்ணு,non-abusive
எப்படி 4 வயசுல ஓடுன அபபா உன்னை வளத்தது நினைப்பு இருக்க அவர் ஆம்பள மாதிரி இருக்க சொன்னது எல்லாம் மறுநாள் marg அதுக்குள்ள 5000 பத்திரிக்கை ஆஹ் ஓ drinks vera wine vera 18 வயசுல குடிக்க ஆரம்பிச்சு னு சொன்னா உடனே குடிக்க தெரியல னு சொல்ற மேடம் வந்து ரொம்ப கஷ்ட பட்டு புள்ளிங்களா வழக்குறாங்க அத பெரிய சாதனை போல பண்ண பேசுற எரும,non-abusive
கேவலம் இதெல்லாம் ஒரு பொலப்பா சேலையை உருவினார் ஜட்டியை கழட்டினார் இதெல்லாம் செய்யாமல் எப்படி வேலையை முடிப்பது. சுந்தர். சி இதெல்லாம் சொல்லிக்கொடுக்கல போலிருக்கு.,abusive
அப்படி மாத்துனா நீ தான் முதல்ல போய் நிப்ப,abusive
டேய் சன் டிவியில போடுற புது படம் இடையில வர விளம்பரத்த காட்டிலும் நீங்க போடுற விளம்பரம் அதிகம்,non-abusive
மெண்டல் இது தான் படிச்சுறுக்கலாம் அய்யோ எப்படி பொய் பேசுது இந்த எருமை மாடு இன்னும் உன் பேரை கெடுத்துகிட்டே ராமு சோமுன்னு,abusive
அவ இன்னும் பல நபர்களை கல்யாணம் செய்து எல்லோர்க்கும் சந்தோசம் தருவாள் திவ்யா இவள் ஒரு இலவச பேருந்து,abusive
இவ வீடியோ எல்லாம் பாக்குற அளவுக்கு தமிழ் மக்கள் எல்லாருக்கும் டேஸ்ட் ரொம்ப கேவலமாவா இருக்கு... மேடம் இவள எல்லாம் தொரத்தி விடுங்க.... இவ பைத்தியம்.,abusive
அடேய் சீன கார உன் app நால எவ்வளவோ ஐட்டம் பைதியம்  இதெல்லாம் நாட்டுல இருக்குனு கட்டிட்ட டா,abusive
அவா உட்கார்த இடத்த அசிட் ஊத்தி கழுவி விட்டு டா..,abusive
குரங்கு க்கு super make up போட்ட ஆளுக்கு. ஒரு. O போடு,non-abusive
அட‌ சாமி அந்த வசந்து போட்ட நாடகம் இருக்கே....இவங்கள வச்சு... அந்த அண்ணா வீடியோ போட்டே வீடு கார் எல்லாம் வாங்கி settle ஆயிட்டாங்க... ...,non-abusive
ஆமா பா கட்டி வச்சி தோல உரிக்கணும்,abusive
ரெண்டு பேரு மூஞ்லா காரி துப்பி தொரத்துங்க,abusive
Lakshmi : திவ்யா...... Divya : sollunga mam... நாம School ல சொல்லுற மாதிரியே சொல்லுறா...,non-abusive
இந்த பைத்தியம் எல்லாம் லட்சத்துல சம்பாதிக்குது கிரகத்த....,abusive
ஆரப்பாளையத்துல கார்த்தினு எவனாவது இருந்தானா இந்நேரம் எங்க நம்மல புடிச்சிட்டு போயிடுவாங்களோனு கதிகலங்கி போயிறுப்பான்...,non-abusive
கண்டா வரச்சொல்லுங்க கார்த்தி கையோட கூட்டி வாருங்கள்,non-abusive
"இதெல்லாம் பொய் , டிராமா இது chennal TRP increase பண்றாங்க ப்ரோ, உலக மகா நடிப்பு இது",non-abusive
Hahaha செம்ம காமோடி இவளுக இருவருக்கும் மண்டை பழுது . திவ்யாவிற்கு கார்த்திக் பைத்தியம் . ஏப்பா கார்த்தி நீ எங்கேப்பா மறைஞ்சிருக்கறாய்,abusive
அடே கண்டாரோலி கார்த்தி வந்துடுடா அவ எங்களை கொலையா கொள்கிறா அது என்னடி டைனோசர் கக்கூஸ் போற மாதிரி ஒரு சவுண்ட்,non-abusive
என்னம்மா அங்க சத்தம் .... கார்த்தி.. பேசிக்கிட்டு இருக்கேன் மாமா,non-abusive
இப்படி ப்ரோகிராம் போட்டு ஏண்டி லட்சுமி எங்கல சாகடிக்கிற சாமி நீயும் ....,non-abusive
குஸ்பு பேசாம நார்த் கொரியால போய் போட்டியிட்ட ஜெயிக்க முடி சைஸ்ல ஜெயிக்க சான்ஸ் இருக்கு.,abusive
இவ கஸ்டமரெல்லாம் இந்த வீடியோ பார்ப்பாங்கல்ல..அசிங்கம் புடிச்சவ..,abusive
அட தூ இந்த நாயெல்லாம் யாராவது பேட்டி.எடுப்பாங்களா பெண் இணத்துக்கே கேவலமானவள் இவள மாதிரி நிறைய பேர் இருக்காளுக தயவு செய்து நாய் வண்டி கொண்டு வந்து ஏத்திட்டு போங்கப்பா,abusive
சுகந்திக்கு கார்த்தி இதுக்கும் என்ன சம்பந்தம் என்ன,non-abusive
கேமாராவை எடுத்துகிட்டு பேசாம ஏதாவது ஒரு விபச்சார விடுதிக்கு போய் தினம் ஒரு பேட்டி எடுத்து போடுங்கடா...சேனல் விளங்கிடும்...,abusive
இந்த லூஸ் இங்கேயும் வந்திருக்கிறது. இந்த வைரஸால் நாட்டுக்கு ஆபத்து. ஊசியை போட்டு கட்டுப்படுத்தணும.,abusive
சின்மயி ஒரு பைத்தியம். வைரமுத்து கூட ஜாலியா இருந்துட்டு பணம் வாங்கிட்டு. இப்போ மீ டு ல மாட்டி விட்டா,abusive
கத்தா த di துரு புடிச்ச தொண்டை chai,non-abusive
செருப்ப கலட்டி ரெண்டு பேரையும் அடிச்சு விரட்டி விட்ருக்கனும் உட்காரவச்சு பேசுட்டுஇருக்கிங்க,abusive
ஏம்மா மதூ அடுத்த பிரதமர் விண்டீசல் மண்டையன் வந்தா (அதற்கு துளி கூட வாய்ப்பில்லை. சும்மா ஒரு பேச்சுக்கு)மோடி நாமம் பாடுவியா. ரொம்ப பாடாத.,abusive
இந்த மாதிரி பைத்தியங்களை தயவு செஞ்சு யூடியூப்ல காட்டாதீங்க,non-abusive
"இந்த பிழைகள் மாற வேண்டுமென்றால் ஆண்+ஆண் பெண்+பெண் சேர்க்கை ஏன் நடைபெறுகிறது? ஆணுக்கு பெண்ணோட உணர்வுகளோ!!! பெண்ணுக்கு ஆணோடு உணர்வுகளோ புரிந்துகொள்ளாமை!!! ஏற்றுக்கொள்ளாமையே காரணம்..., இதை உளவியலாக புரிந்துகொண்டால் எளிதில் இந்த சூழலை சரிசெய்ய முடியும்... இது ஒவ்வொரு மனிதருமே தெரிந்துக்கொள்ள உணரவேண்டியது அவசியம்.... மக்களே... தனிமனித மாற்றமே சமூகத்தின் மாற்றம்... மற்றவர்களை குறை சொல்லிக்கொண்டே இருந்தால் மாற்றம் நிகழாது... பெண் உணர்வை ஆணும்.. ஆண் உணர்வை பெண்ணும் புரிதலே முற்று.... இப்படிக்கு உளவியல் சிந்தனையாளர் நானி.. நன்றி",non-abusive
இவ பிராடுனு இந்த ஊரு உலகத்துக்கே தெரியும்..... இங்க வந்துட்டு ஆதாரத்தை காட்டுங்க ஆதார் கார்ட காட்டுங்கனு சொல்லறா....,abusive
கிராமம் ஆஹ்.... கல்யாணத்துக்கு 5000 பத்திரிக்கையாம் என்னா உருட்டு உருட்டுறா....,abusive
Shakila madam நாங்க யாரும் ஏமாந்து பார்க்கல இந்த பண்ணி கல்யாணம் பண்ண என்ன இல்ல கருமாதி பண்ண என்ன இந்த பிராடு பத்தி தமிழ்நாடுகே தெரியும் நீங்க யமராதீங்க....,abusive
ஷக்கீலா அவர்களே கார்த்க் திவ்யாவை இஷ்ட்டப்படமல் எப்படி லவ் பன்னுறது கல்யாணம் பன்னுறது,non-abusive
பேசாம actor சூா்யா தம்பி காா்த்தி அ வர சொல்லுங்கப்பா,abusive
எளவு இதுக்கு பேசவும் தெரியல ஒழுங்கா சேல கட்டவும் தெரியல மொத்தத்து ல ஒரு பொண்ணு னா எப்டி வாழ னும் னு ம் தெரியல. கொடுமை da,non-abusive
இதெல்லாம் வேணுன்னே வீடியோ போட்டு சம்பாதிக்கிற....... பொழப்பு..... ம்..... சரி....... வேறு வேலை எதுவும் இல்லை யா....... அதான் இப்படி ஒரு ட்ரிக்.......,non-abusive
டைம் வேஸ்ட் Galatta.. இப்படிலாம் இன்டர்வியூ எடுக்க வேண்டாம்,non-abusive
"இவலாம் ஒரு ஆளா????இவ ஒழுக்கத்தை பற்றியும், டிரெஸ்ஸிங் பத்தியும் பேசுறா இவ ட்ரெஸ்ஸே இல்லாம எதுக்கு படத்துல நடிச்சாளாம் ??!! இவள கேப்பாரு இல்லையா?,செருப்பால அடிப்பார் இல்லையா?!  எதிர்ல இருக்கவங்கள ஏய்ங்ற....மிரட்டுற ...இதே வனிதா செனை பண்ணியே ஜால்ரா அடிச்சு பேசின. நீயே ஒரு சாக்கடை பண்ணி மக்கள் தான் இதை புரிந்து கொள்ள வேண்டும் நோயைப் பரப்பும் இந்த சாக்கடைகள் எல்லாம் சமூகத்தில் புகுந்து அதுவே நம்மை கேள்வி கேட்கின்ற நிலைமையிலும் கட்டபஞ்சாயத்து செய்கின்ற நிலைமையிலும் வந்திருக்கிறதுகள்",abusive
சகிலா மேடம் எப்படியாவது இந்த பைத்தியத்தை திருத்துங்க,non-abusive
ஐயோ ராமா இந்த கொசு தொல்ல தாங்க முடியல,non-abusive
ஒரே தேவிடியாக்கள் பேட்டியா போடுறீங்களே உலகத்துல பத்தினிகளே இல்லையா.,abusive
அடி குஷ்பு பேசாம சினிமாவுல நடிச்சுகிட்டு போக வேண்டியதுதானே இந்த மானங்கெட்ட பிஜேபி கீழே வந்து என்னத்தைக் கண்டா.. சும்மா பொய் சொல்லாத மோடி தூங்கலாம்னு உனக்கு தெரியுமா,abusive
அய்யோ..வெரும் பைத்தியங்களா இருக்கே..!! டேய் கார்த்தி யாருடா நீ..மீடியால தலைய காட்டாமலே ட்ரண்ட் ஆகிட்டியே டா..,non-abusive
அவ பேக்ரவன்டு. மோசமான கேரைக்டர். அது அப்படிதான். பேசும்,abusive
இந்த இரண்டு பொண்ணும் எப்பயோ லூசு ஆயிட்டாங்க மேடம்,abusive
art art :- வனிதா சூத்த ஊம்பி விடுங்க,abusive
ஆத்தாடி ஆத்தா நல்ல வேல என்னோட பேரு கார்த்தி இல்ல,non-abusive
அவங்க இரண்டு பேரும் சுதந்திர போராட்ட தியாகிகள் நடுவில் இந்தம்மா டுபாக்கூர் பஞ்சாயத்து என்ன நிகழ்ச்சி என்ன பிழைப்பு,non-abusive
ஏன்டா டேய் ஃபேரன் லவ்லி போட்டோ 7 நாளில் செவப்பா ஆயிடுவேன்னு சொல்றாங்க நீ போட்டு பாத்து சொல்லுடா... அவங்க மயிரு புடுங்க முடியுமா,non-abusive
நான் தெரியாமல் இந்த வீடியோவை பார்த்து விட்டேன். தமிழ்நாட்டில் இப்படியும் பெண்களா ?,non-abusive
இப்போ அண்ணே தம்பி யாரா இருந்தாலும் நான் அவுத்து போட்டு ஆடுறேன் பாருங்கனு சொல்றா,abusive
மத்திய அரசும் மாநில அரசும் இவர்களின் பிரச்சினையை முடிவுக்கு கொண்டுவர தமிழகமக்கள் எதிர்பார்த்து உள்ளனர்,non-abusive
கழிசாடைகள் சாக்கடைகள் பெண்களா இவர்கள் போடும் வீடியோ விற்கு யாரும் லைக் போடாதீர்கள் பெண்கள் சமுதாயத்தையே கேவலப்பத்துவதைநாம் ஊக்கப்படுத்த வேண்டாம்,abusive
இந்த பைத்தியம் இன்னும் எத்தனை நெறியாளரை காவு வாங்க போகுதோ தெரியலையே???,abusive
ராஜேஸ்வரி பிரியா அதிமுகவின் ஆதரவாளர் எடப்பாடி ஓட செட்டப் நியூ ஜே உரிமை குரல் நிகழ்ச்சியில் எடப்பாடி ஆதரவாக பேசுவார்,non-abusive
இதை பிடுச்சு mental hospital போடுங்க கருமம் பைத்தியம் திரும்பத் திரும்ப பேசியதே பேசிட்டு இருக்குது பைத்தியம்,non-abusive
இந்தப் பொண்ணு சைடுல நிறைய தப்பு இருக்கு என்ன பண்ணனும் மறைக்கிறதுக்காக வந்து பேசுது,abusive
ஷகி மம்மி இவள வனிதா விஜயகுமார் கிட்ட விடுங்க..  அது நாலு சாத்து சாத்துறதுல கார்த்தின்ற பேரே இல்லன்னு இவ (திவ்யா) வாயாலயே சொல்ல வச்சுரும் வனிதா... அப்புறம் திவ்யா அவ வேலைய பார்க்க ஆரம்பிச்சுருவா....,abusive
கண்டா வர சொல்லுங்க கார்த்திய கண்டா வர சொல்லுங்க,non-abusive
"2.1 மில்லியன் பேர் பார்த்திருக்காங்க, பாதி பணத்தை இந்தப் பொண்ணுங்களுக்குப் பிரிச்சுக் குடுங்க. இல்லாட்டி உங்க மேலயும் கேஸ் போடுவாங்க",non-abusive
ஏமா நடுவர் உனக்கு வேர வேலை இல்லையா 10 வீட்டிற்கு பாத்திரம் தேய்க்க போகலாமே,abusive
சிவகுமார் சார்..இது  உங்க கார்த்தி இல்லை.. வேற யாரோவாம்...,non-abusive
அப்பா சாமி மூளை கலங்கிடுச்சி எனக்கு.... நான் போய் gp முத்து வீடியோ பார்த்து ரிலாக்ஸ் பண்ணிக்க போறேன்...,non-abusive
தன் கையே தனக்கு உதவி   - Single&#39;s,non-abusive
ஆயிரம் பிரச்சினை இருக்கு நாட்டுக்கு இது ரொம்ப முக்கியம்,non-abusive
நீ மட்டும் எங்க வனிதா அக்கா கிட்ட மட்டான அவ்ளோ தான் நீ சும்மா வெச்சு செய்வாங்க,abusive
திவ்யா: என்னை பைத்தியம்னு சொல்றிங்களா mam....கார்த்தியை உண்மையா லவ் பண்ணி பாருங்க மேடம்...,non-abusive
அட கருமம் பிடிச்ச கர்த்தி நீ கை அடிச்சுட்டு போய்ருக்களாம்...இந்த முண்டையை தொட்டு நாசமா போனியடா,abusive
கஷ்டப்பட்டு உழைத்து படிக்க வைச்சு அம்மா மறந்து எவனோ கார்த்தி பின்னாடி சுதிட்டு இருகியமா onake இது சரினு patutha just leave it karthi focus your family career,non-abusive
நாட்டுல எவ்ளோ பிரச்சனை இருக்குன்னு தெரியுது இல்ல அப்புறம் என்ன க்கு இந்த ஷோ நடத்துற.....,non-abusive
பயித்தியம் திவ்யா ஏண்டி உனக்கு அறிவே இல்லையாடி,abusive
மேடம் இவள் பைத்தியம் இல்லை பைத்தியம் போல் நடிக்கிறார்கள்  இவள் எங்கயாவது கொண்டு போய் மிருகங்களின் இடத்தில் விடுங்க  எல்லாரும் ஏமாற்றி இருக்காங்க எனக்கு அப்போதே ஒரு சந்தேகம் தான் இந்த கல்யாணம் நடிப்பு என்று  இப்போது உண்மையாகி விட்டது ..  ஏதோ இந்த பொண்ணுக்கு நல்ல வாழ்க்கை அமைந்துள்ளது நல்லா இருக்கனும் என்று நினைத்தேன்.,abusive
டேய் கார்த்தி இவள கல்யாணம் பண்ணி தொலடா. இவள் தொல்ல தாங்க முடியலடா,abusive
ஷகீலா மேடம் ரவுடி பேபி சூர்யா வீட்டுல சிக்கான்னு ஒரு கிழவன் watchman வேலை பாக்குறான். அவன் டெய்லி live ல வர பொம்பள புள்ளைங்கள திட்டுறான். அவன கூப்டு அறுத்து கிழிங்க,non-abusive
டிக்டாக் என்ன நல்லது செஞ்சிச்சோ இல்லையே கள்ள காதலை நல்லா வளர்த்து விட்டுருக்கு,non-abusive
"திவ்யா: எண்ணை பைத்தியம் னு சொல்றிங்கலா லட்சுமி ராமகிருஷ்ணன் : இல்லடி யம்மா tic tok users: நீ பைத்தியம் இல்ல.,... நிலா வுக்கு போகபோற அடுத்த (கல்பனா சாவ்லா)",abusive
மிக்சர் மாமா பய வரலியா அவன் கேட்க மாட்டிங்க மா,non-abusive
"ஒரு வடக்கி இங்கே வந்து இப்போ பாத்ரூம் டூர் னு வீடியோ போடற அளவுக்கு இருக்கிறா, அவ பேள்றத பார்க என்னுடைய தமிழ்ச்சமூகம் ஓடோடி வந்து இருக்கு. இவ்வளவு கேவலமா இருந்தா தமிழ்நாட்டை தெலுங்கன், மலையாளத்தான், கன்னடத்தான் வந்து ஆள தான் செய்வான். நாம கடைசிவரை கையேந்தி தான் நிக்கணும்.",abusive
சகிலா அம்மா என் மனசுல இருக்கும் பாரம் குறைஞ்சு போச்சு,non-abusive
"அட இந்த திவ்யா பொம்பள மன நோயாளியின் நான் நினைக்கிற மக்களே நீங்க என்ன நினைக்கிறீங்க,??",non-abusive
எனக்குத் தெரிந்து 7 கார்த்தி துபாயில் வேலை செய்கிறார்கள் வர முடியாது கார்த்திக்கு வந்த சோதனை,non-abusive
கடைசியா யாரை கார்த்தி என்று கைய நீட்டி காட்டப்போகுதோ நினைத்தாள ஈர குழைய்யல்லாம் நடுங்குது,non-abusive
வெட்கம் கெட்ட பொம்ள. ஓட்டு வாங்குவதற்காக சொல்லுது பாரு. முந்தானையை புடிச்சு இழுத்தாங்களாம். பெரிய பத்தினி மாதிரி வேஷம் போடுது. ஆனா நல்ல செருப்படி பதிவு,abusive
திவ்யா மட்டும் திரிஷா ரேஞ்சுல அழகா இருந்துருந்தா ஊர்ல எத்தன கார்த்தி இருக்கானு பாத்துருக்கலாம்...,non-abusive
காசு குடுத்தா எப்படீ வேணுமுனாலும் நடிச்சதில்லையா யாரும்??,non-abusive
"அடியே ஷகிலா,நீ பணத்துக்காக பிட்டு படம் நடிச்சியே அது சரியா??? ஒட்டு துணியில்லாம நடிச்ச படத்த நான் பார்த்தேன்.. உன் மார்பகம் செம்ம.... நீ யோகியமா இருந்து மத்தவங்கள கேட்டா அது நியாயம்.. நீயே ஒரு தேவிடியா, மத்தவங்கள கேள்வி கேக்குற தகுதி உனக்கு இல்லடி தேவிடியா.....",abusive
தத்தோம் தகதிமிதோம் தோம்.. தோம்.. தகதிமி தகதிமிதோம் ... உடம்ப காட்டுனவ எல்லாம் அரசியலுக்கு...  இவளுக்கு எல்லாம் நல்ல சாவுனு வரவே வராது....,abusive
இலக்கியவா தொழிலிக்கு கூப்பிட்ட இவ கண்டிப்பா ப்ரோகேர் வேலை பாத்துருப்ப இவ,abusive
Suganthi you are Smart interliance  யாருப்பா அந்த கார்த்தி ?...........,non-abusive
"இதெல்லாம் ஒர் நிகழ்ச்சி, இவளுங்கெல்லாம் ஒர் பொம்பள, நாட்டில் எவ்வளவோ, பசி பட்டினி , ஏழை மாணவ மாணவிகள், கல்வி பயில கூட முடியாமல் இருக்கின்றனர், அதையெல்லாம் விட்டு புட்டு, இவள்களுக்கு, ஓர் பேட்டி, தூ,,,",abusive
இது வரைக்கும் ரொம்பம் கேவலமான eposide இது மட்டும் தான். முடியல வாந்தி வருது. Love தொல்லை தாங்காம கார்த்தி ஓடிய போட்டான்...,non-abusive
"சுகந்தி மேல தான் தப்பு. 1)திவ்யா கடதுணுது உண்மை. 2)அவிங்க வீட்டுக்கு போய் அவிங்க அம்மாவை அடித்து உண்மை. 3)கார்த்திக் இருந்தால் என்ன இல்லனா என்ன இவ என்??? தலையிட்டுனும். ஏனல் அவ சொல்லறது எல்லாம் போய் அவ பைத்தியம் சொல்லி நீ நல்லவள் என நிரூபிக்க try பண்ணுற. திவ்யா மனரீதியா பாதிக்கப்பட்ட பொண்ண இருந்தும் கார்த்திக் friends name எல்லாம் சொல்லுது.  சுகந்தி சூப்பர் பொண்ணு நீ (பலே கிறும்னால் நீ ) நீ போட்டுக்கிற நெக பாலிஷ், ரெண்டு கையில குத்துன பச்சை, நீ பார்க்கும் பார்வை, நீ மொறைத்து எல்லாம் நீ எப்படி பட்டவனு தெரிது. சமையப்புறம் கோயில் க்கு போற மூஞ்சிய பாருங்க டா.",abusive
என் மனசுல இருந்த பாரமே கொரஞ்சி போச்சு றா,non-abusive
சுப்புலட்சுமி விபச்சாரி சுப்புலட்சுமி விபச்சாரி சுப்புலட்சுமி விபச்சாரி,abusive
.கார்த்திக்கேதான் வேனுமா சூர்யா விஜய் அஜித் வந்தா ஏத்துக்க மாட்டிங்களா,non-abusive
யூடியூப்ல பணம் கொடுக்கிறத நிப்பாட்ட வேண்டும் பணத்திற்காக தான் இந்தப் பொம்பளைகள் மோசமாக வீடியோ போடுறாங்க,non-abusive
"தவறு செய்து விட்டீர்களே, தவறு செய்து விட்டீர்களே, கனிமொழி பேருந்தில் ஏற்றுவதிற்கு பதிலாக கனிமொழிக்கு மேல பேருந்து ஏத்தி இருக்க வேண்டும்.பரம்பரை பழக்கம் இவ அப்பனும் டிக்கெட் எடுக்காமல் தானே வந்தவன்.",abusive
இவ ஒரு அடம்புடிச்ச பன்னி தான் நினைச்சதை அடைவதற்காக மத்தவங்கள சாவடிச்சிடுவா,abusive
அம்மா கன்னத்துல ஒரு அரை விட்டு அனுப்பி இருக்கலாம்,abusive
கொடுமை கொடுமை கொடுமைகொடுமை கொடுமைகொடுமை கொடுமை கொடுமைகொடுமை கொடுமை கொடுமைகொடுமை கொடுமைகொடுமைகொடுமை கொடுமைகொடுமைகொடுமைகொடுமை,non-abusive
பார்த்தால் ரௌடி பேபி போல தெரியலையே. கூட்டிக்கொடுக்கரவள் என்று சொல்லுங்கள் சார்.,abusive
நடிகர் கார்த்திக்.நடிகர் கார்த்தி தலைமறைவு.சூர்யா தற்போது திவ்யாவை லவ் பண்ணுகிறார்,non-abusive
உது என்ன பயித்தியம் இதை ஆஸ்பத்திரிக்கு அனுப்புங்கள் தயவு செய்து நீங்களு பயித்தியமா,abusive
To be frank சுகந்திக்காக மட்டும் தான் வீடியோ பார்க்க வந்தேன்....  Any body here ?,non-abusive
ஷகிலா அம்மா உங்களுக்கு ரொம்ப பொறுமை மற்றும் நிதானமானபேச்சு ......,non-abusive
Lakshmi madamah வாயடைக்க வச்ச கேஸு இதுதான்...,non-abusive
Lakshmi Mam : ஆத்தி பைத்தியமா இவங்க,abusive
"லக்ஷ்மி ராமகிருஷ்ணன் மேடம்,அவரவர்கள் அவரவர் வேலைய பார்த்த உங்களுக்கு வேல இல்ல,   இது தான் நமது அறிவியல் தொழில் நுட்பத்தின் விளைவு,நல்ல விஷயத்துக்கு அறிவியலை பயன்படுதுங்கள்.   யார்ய அந்த கார்த்தி",non-abusive
Tik Tok and Facebook இதையெல்லாம் அளவாக பயன்படுத்துங்கள்...,non-abusive
கண்டாரஓழிக்கு குடுத்தா பாருயா விளக்கம் உன்னை கண்டால் ஓழிவேன்,abusive
திவ்யா மனசுல யாரோ கார்த்திக்க ஆழமா பதிச்சிட்டாங்க,non-abusive
"லட்சுமி அம்மா,, pls இது எல்லாம் என்ன? உங்க தகுதிக்கு இது கொஞ்சம் கூட பொருத்தம் இல்லாத பஞ்சாயத்து... Pls. Amma... பாக்கறவங்களுக்கு அசிங்கமா இருக்கு",non-abusive
ஷகி அம்மா நல்லா பேசுறீங்க லவ் யூ மா,non-abusive
என்னடா இது மருங்குளம் திவ்யா கள்ளச்சிக்கு வந்த. சோதன??? அய்யோ முடில டடா சாமி,abusive
பேசுற ஒவ்வொரு வார்த்தைலயே ... உன் உண்மை பேச்சி புரியுது மா ... Ada Pooma paithiyakari...  Chumma yenathaiyachum olarikitu...,abusive
உன்னுடைய பொம்பள புள்ளைங்கள அந்த மாதிரி காட்ட சொல்லி சம்பாதித்து வாங்கி சாப்பிடு,abusive
தயவு செய்து தமிழ்ப்பொண்ணுனு சொல்லாத ரொம்ப கேவலமா இருக்கு.,abusive
tik talk ahh ஏன்டா தடை பண்ணீங்க விபச்சாரம் செய்யும் அனைவரையும் வெளிக்காட்டிய நிறுவனம் தான் tik tok,non-abusive
"அப்புறம் என்ன மயிருக்கு, பேச வந்த, சகிலா அக்கா sama",non-abusive
"மேடம், இப்போ பேசறதையும் நம்பாதீங்க, இதுவும் கண்டண்ட் தான் இருக்கும்",non-abusive
திவ்யா நீங்க கவல படாதீங்க கார்த்திக் இன்னைக்கு உங்கள் அன்பு இருந்தால் கட்டாயமா வருவார்,non-abusive
காா்த்தி நேரில வந்து இவளை விரும்பிறியா இல்லையா சொல்லும்பா தொல்லை தாங்க முடியல???,non-abusive
"இவளுக்கு சமானிய குடி மக்களின், பிரச்சனை தெரியுமா.தக்காளி ஒரு கிலோ, எவ்வளவு, பெட்ரோல் ஒரு லிட்டர் எவ்வளவு தெரியுமா. சினிமாகாரியை கூட்டிட்டு வந்து பேட்டி எடுக்கிறது தவறு.விரயம்.",abusive
டுபாய் ல இருந்து யாரு பாக்குரிங்க ஒரு லைக்,non-abusive
நீ எல்லாம் ஒரு பொண்ணா தாய் தந்தை வச்சுட்டு இப்பிடி பேசுறியே வெக்கமா இல்ல நாயே,abusive
விஜய் இதுவரையும். புகை புடிகலயா இந்த பொம்பள மத்தவங்களுக்கு விலை போய்ட்டுக்கும்,abusive
கார்த்தி ஒரே பேர் total ஆளும் கிலோஸ்,non-abusive
90S கிட்ஸ்கள் கண்டுகளித பாரம்பரிய பொழுதுபோக்கான அழிந்துபோண குழாய்யடி சண்டையை மீண்டும் கொண்டு வந்ததர்க்கு வாழ்த்துக்கள்,non-abusive
கார்த்தி நீ எங்கேயே இருக்க கடல் அ கிடைக்குமா கெளுத்தி எங்கடா இருக்க,non-abusive
